DATAFLOW,LAST UPDATE,freq,meat,meatitem,unit,geo,TIME_PERIOD,OBS_VALUE,OBS_FLAG
ESTAT:APRO_MT_PWGTM(1.0),29/04/22 23:00:00,M,B1200,SL,THS_T,IE,1974-01,26.00,
ESTAT:APRO_MT_PWGTM(1.0),29/04/22 23:00:00,M,B1200,SL,THS_T,IE,1974-02,22.80,
ESTAT:APRO_MT_PWGTM(1.0),29/04/22 23:00:00,M,B1200,SL,THS_T,IE,1974-03,20.40,
ESTAT:APRO_MT_PWGTM(1.0),29/04/22 23:00:00,M,B1200,SL,THS_T,IE,1974-04,18.50,
ESTAT:APRO_MT_PWGTM(1.0),29/04/22 23:00:00,M,B1200,SL,THS_T,IE,1974-05,22.30,
ESTAT:APRO_MT_PWGTM(1.0),29/04/22 23:00:00,M,B1200,SL,THS_T,IE,1974-06,19.60,
ESTAT:APRO_MT_PWGTM(1.0),29/04/22 23:00:00,M,B1200,SL,THS_T,IE,1974-07,24.60,
ESTAT:APRO_MT_PWGTM(1.0),29/04/22 23:00:00,M,B1200,SL,THS_T,IE,1974-08,28.10,
ESTAT:APRO_MT_PWGTM(1.0),29/04/22 23:00:00,M,B1200,SL,THS_T,IE,1974-09,34.80,
ESTAT:APRO_MT_PWGTM(1.0),29/04/22 23:00:00,M,B1200,SL,THS_T,IE,1974-10,42.90,
ESTAT:APRO_MT_PWGTM(1.0),29/04/22 23:00:00,M,B1200,SL,THS_T,IE,1974-11,43.80,
ESTAT:APRO_MT_PWGTM(1.0),29/04/22 23:00:00,M,B1200,SL,THS_T,IE,1974-12,38.60,
ESTAT:APRO_MT_PWGTM(1.0),29/04/22 23:00:00,M,B1200,SL,THS_T,IE,1975-01,45.30,
ESTAT:APRO_MT_PWGTM(1.0),29/04/22 23:00:00,M,B1200,SL,THS_T,IE,1975-02,28.60,
ESTAT:APRO_MT_PWGTM(1.0),29/04/22 23:00:00,M,B1200,SL,THS_T,IE,1975-03,31.70,
ESTAT:APRO_MT_PWGTM(1.0),29/04/22 23:00:00,M,B1200,SL,THS_T,IE,1975-04,31.20,
ESTAT:APRO_MT_PWGTM(1.0),29/04/22 23:00:00,M,B1200,SL,THS_T,IE,1975-05,28.80,
ESTAT:APRO_MT_PWGTM(1.0),29/04/22 23:00:00,M,B1200,SL,THS_T,IE,1975-06,18.30,
ESTAT:APRO_MT_PWGTM(1.0),29/04/22 23:00:00,M,B1200,SL,THS_T,IE,1975-07,35.20,
ESTAT:APRO_MT_PWGTM(1.0),29/04/22 23:00:00,M,B1200,SL,THS_T,IE,1975-08,36.80,
ESTAT:APRO_MT_PWGTM(1.0),29/04/22 23:00:00,M,B1200,SL,THS_T,IE,1975-09,40.80,
ESTAT:APRO_MT_PWGTM(1.0),29/04/22 23:00:00,M,B1200,SL,THS_T,IE,1975-10,46.60,
ESTAT:APRO_MT_PWGTM(1.0),29/04/22 23:00:00,M,B1200,SL,THS_T,IE,1975-11,42.10,
ESTAT:APRO_MT_PWGTM(1.0),29/04/22 23:00:00,M,B1200,SL,THS_T,IE,1975-12,34.30,
ESTAT:APRO_MT_PWGTM(1.0),29/04/22 23:00:00,M,B1200,SL,THS_T,IE,1976-01,27.40,
ESTAT:APRO_MT_PWGTM(1.0),29/04/22 23:00:00,M,B1200,SL,THS_T,IE,1976-02,23.10,
ESTAT:APRO_MT_PWGTM(1.0),29/04/22 23:00:00,M,B1200,SL,THS_T,IE,1976-03,24.90,
ESTAT:APRO_MT_PWGTM(1.0),29/04/22 23:00:00,M,B1200,SL,THS_T,IE,1976-04,25.20,
ESTAT:APRO_MT_PWGTM(1.0),29/04/22 23:00:00,M,B1200,SL,THS_T,IE,1976-05,26.00,
ESTAT:APRO_MT_PWGTM(1.0),29/04/22 23:00:00,M,B1200,SL,THS_T,IE,1976-06,21.70,
ESTAT:APRO_MT_PWGTM(1.0),29/04/22 23:00:00,M,B1200,SL,THS_T,IE,1976-07,20.00,
ESTAT:APRO_MT_PWGTM(1.0),29/04/22 23:00:00,M,B1200,SL,THS_T,IE,1976-08,29.00,
ESTAT:APRO_MT_PWGTM(1.0),29/04/22 23:00:00,M,B1200,SL,THS_T,IE,1976-09,34.10,
ESTAT:APRO_MT_PWGTM(1.0),29/04/22 23:00:00,M,B1200,SL,THS_T,IE,1976-10,32.70,
ESTAT:APRO_MT_PWGTM(1.0),29/04/22 23:00:00,M,B1200,SL,THS_T,IE,1976-11,36.30,
ESTAT:APRO_MT_PWGTM(1.0),29/04/22 23:00:00,M,B1200,SL,THS_T,IE,1976-12,27.40,
ESTAT:APRO_MT_PWGTM(1.0),29/04/22 23:00:00,M,B1200,SL,THS_T,IE,1977-01,24.30,
ESTAT:APRO_MT_PWGTM(1.0),29/04/22 23:00:00,M,B1200,SL,THS_T,IE,1977-02,22.90,
ESTAT:APRO_MT_PWGTM(1.0),29/04/22 23:00:00,M,B1200,SL,THS_T,IE,1977-03,22.00,
ESTAT:APRO_MT_PWGTM(1.0),29/04/22 23:00:00,M,B1200,SL,THS_T,IE,1977-04,23.30,
ESTAT:APRO_MT_PWGTM(1.0),29/04/22 23:00:00,M,B1200,SL,THS_T,IE,1977-05,26.40,
ESTAT:APRO_MT_PWGTM(1.0),29/04/22 23:00:00,M,B1200,SL,THS_T,IE,1977-06,29.40,
ESTAT:APRO_MT_PWGTM(1.0),29/04/22 23:00:00,M,B1200,SL,THS_T,IE,1977-07,28.70,
ESTAT:APRO_MT_PWGTM(1.0),29/04/22 23:00:00,M,B1200,SL,THS_T,IE,1977-08,37.60,
ESTAT:APRO_MT_PWGTM(1.0),29/04/22 23:00:00,M,B1200,SL,THS_T,IE,1977-09,44.60,
ESTAT:APRO_MT_PWGTM(1.0),29/04/22 23:00:00,M,B1200,SL,THS_T,IE,1977-10,42.60,
ESTAT:APRO_MT_PWGTM(1.0),29/04/22 23:00:00,M,B1200,SL,THS_T,IE,1977-11,47.20,
ESTAT:APRO_MT_PWGTM(1.0),29/04/22 23:00:00,M,B1200,SL,THS_T,IE,1977-12,35.80,
ESTAT:APRO_MT_PWGTM(1.0),29/04/22 23:00:00,M,B1200,SL,THS_T,IE,1978-01,40.60,
ESTAT:APRO_MT_PWGTM(1.0),29/04/22 23:00:00,M,B1200,SL,THS_T,IE,1978-02,25.90,
ESTAT:APRO_MT_PWGTM(1.0),29/04/22 23:00:00,M,B1200,SL,THS_T,IE,1978-03,26.40,
ESTAT:APRO_MT_PWGTM(1.0),29/04/22 23:00:00,M,B1200,SL,THS_T,IE,1978-04,20.30,
ESTAT:APRO_MT_PWGTM(1.0),29/04/22 23:00:00,M,B1200,SL,THS_T,IE,1978-05,23.20,
ESTAT:APRO_MT_PWGTM(1.0),29/04/22 23:00:00,M,B1200,SL,THS_T,IE,1978-06,30.90,
ESTAT:APRO_MT_PWGTM(1.0),29/04/22 23:00:00,M,B1200,SL,THS_T,IE,1978-07,30.90,
ESTAT:APRO_MT_PWGTM(1.0),29/04/22 23:00:00,M,B1200,SL,THS_T,IE,1978-08,34.50,
ESTAT:APRO_MT_PWGTM(1.0),29/04/22 23:00:00,M,B1200,SL,THS_T,IE,1978-09,38.00,
ESTAT:APRO_MT_PWGTM(1.0),29/04/22 23:00:00,M,B1200,SL,THS_T,IE,1978-10,41.60,
ESTAT:APRO_MT_PWGTM(1.0),29/04/22 23:00:00,M,B1200,SL,THS_T,IE,1978-11,43.90,
ESTAT:APRO_MT_PWGTM(1.0),29/04/22 23:00:00,M,B1200,SL,THS_T,IE,1978-12,31.70,
ESTAT:APRO_MT_PWGTM(1.0),29/04/22 23:00:00,M,B1200,SL,THS_T,IE,1979-01,29.00,
ESTAT:APRO_MT_PWGTM(1.0),29/04/22 23:00:00,M,B1200,SL,THS_T,IE,1979-02,22.60,
ESTAT:APRO_MT_PWGTM(1.0),29/04/22 23:00:00,M,B1200,SL,THS_T,IE,1979-03,26.80,
ESTAT:APRO_MT_PWGTM(1.0),29/04/22 23:00:00,M,B1200,SL,THS_T,IE,1979-04,23.90,
ESTAT:APRO_MT_PWGTM(1.0),29/04/22 23:00:00,M,B1200,SL,THS_T,IE,1979-05,22.40,
ESTAT:APRO_MT_PWGTM(1.0),29/04/22 23:00:00,M,B1200,SL,THS_T,IE,1979-06,22.90,
ESTAT:APRO_MT_PWGTM(1.0),29/04/22 23:00:00,M,B1200,SL,THS_T,IE,1979-07,29.40,
ESTAT:APRO_MT_PWGTM(1.0),29/04/22 23:00:00,M,B1200,SL,THS_T,IE,1979-08,34.60,
ESTAT:APRO_MT_PWGTM(1.0),29/04/22 23:00:00,M,B1200,SL,THS_T,IE,1979-09,39.70,
ESTAT:APRO_MT_PWGTM(1.0),29/04/22 23:00:00,M,B1200,SL,THS_T,IE,1979-10,48.60,
ESTAT:APRO_MT_PWGTM(1.0),29/04/22 23:00:00,M,B1200,SL,THS_T,IE,1979-11,51.00,
ESTAT:APRO_MT_PWGTM(1.0),29/04/22 23:00:00,M,B1200,SL,THS_T,IE,1979-12,36.00,
ESTAT:APRO_MT_PWGTM(1.0),29/04/22 23:00:00,M,B1200,SL,THS_T,IE,1980-01,41.10,
ESTAT:APRO_MT_PWGTM(1.0),29/04/22 23:00:00,M,B1200,SL,THS_T,IE,1980-02,38.20,
ESTAT:APRO_MT_PWGTM(1.0),29/04/22 23:00:00,M,B1200,SL,THS_T,IE,1980-03,29.00,
ESTAT:APRO_MT_PWGTM(1.0),29/04/22 23:00:00,M,B1200,SL,THS_T,IE,1980-04,26.80,
ESTAT:APRO_MT_PWGTM(1.0),29/04/22 23:00:00,M,B1200,SL,THS_T,IE,1980-05,28.40,
ESTAT:APRO_MT_PWGTM(1.0),29/04/22 23:00:00,M,B1200,SL,THS_T,IE,1980-06,28.70,
ESTAT:APRO_MT_PWGTM(1.0),29/04/22 23:00:00,M,B1200,SL,THS_T,IE,1980-07,37.00,
ESTAT:APRO_MT_PWGTM(1.0),29/04/22 23:00:00,M,B1200,SL,THS_T,IE,1980-08,42.20,
ESTAT:APRO_MT_PWGTM(1.0),29/04/22 23:00:00,M,B1200,SL,THS_T,IE,1980-09,47.40,
ESTAT:APRO_MT_PWGTM(1.0),29/04/22 23:00:00,M,B1200,SL,THS_T,IE,1980-10,55.90,
ESTAT:APRO_MT_PWGTM(1.0),29/04/22 23:00:00,M,B1200,SL,THS_T,IE,1980-11,46.50,
ESTAT:APRO_MT_PWGTM(1.0),29/04/22 23:00:00,M,B1200,SL,THS_T,IE,1980-12,31.60,
ESTAT:APRO_MT_PWGTM(1.0),29/04/22 23:00:00,M,B1200,SL,THS_T,IE,1981-01,22.90,
ESTAT:APRO_MT_PWGTM(1.0),29/04/22 23:00:00,M,B1200,SL,THS_T,IE,1981-02,17.60,
ESTAT:APRO_MT_PWGTM(1.0),29/04/22 23:00:00,M,B1200,SL,THS_T,IE,1981-03,18.40,
ESTAT:APRO_MT_PWGTM(1.0),29/04/22 23:00:00,M,B1200,SL,THS_T,IE,1981-04,18.80,
ESTAT:APRO_MT_PWGTM(1.0),29/04/22 23:00:00,M,B1200,SL,THS_T,IE,1981-05,23.10,
ESTAT:APRO_MT_PWGTM(1.0),29/04/22 23:00:00,M,B1200,SL,THS_T,IE,1981-06,24.10,
ESTAT:APRO_MT_PWGTM(1.0),29/04/22 23:00:00,M,B1200,SL,THS_T,IE,1981-07,27.10,
ESTAT:APRO_MT_PWGTM(1.0),29/04/22 23:00:00,M,B1200,SL,THS_T,IE,1981-08,30.10,
ESTAT:APRO_MT_PWGTM(1.0),29/04/22 23:00:00,M,B1200,SL,THS_T,IE,1981-09,39.40,
ESTAT:APRO_MT_PWGTM(1.0),29/04/22 23:00:00,M,B1200,SL,THS_T,IE,1981-10,42.10,
ESTAT:APRO_MT_PWGTM(1.0),29/04/22 23:00:00,M,B1200,SL,THS_T,IE,1981-11,34.60,
ESTAT:APRO_MT_PWGTM(1.0),29/04/22 23:00:00,M,B1200,SL,THS_T,IE,1981-12,22.90,
ESTAT:APRO_MT_PWGTM(1.0),29/04/22 23:00:00,M,B1200,SL,THS_T,IE,1982-01,18.50,
ESTAT:APRO_MT_PWGTM(1.0),29/04/22 23:00:00,M,B1200,SL,THS_T,IE,1982-02,18.70,
ESTAT:APRO_MT_PWGTM(1.0),29/04/22 23:00:00,M,B1200,SL,THS_T,IE,1982-03,21.60,
ESTAT:APRO_MT_PWGTM(1.0),29/04/22 23:00:00,M,B1200,SL,THS_T,IE,1982-04,20.80,
ESTAT:APRO_MT_PWGTM(1.0),29/04/22 23:00:00,M,B1200,SL,THS_T,IE,1982-05,19.70,
ESTAT:APRO_MT_PWGTM(1.0),29/04/22 23:00:00,M,B1200,SL,THS_T,IE,1982-06,24.40,
ESTAT:APRO_MT_PWGTM(1.0),29/04/22 23:00:00,M,B1200,SL,THS_T,IE,1982-07,28.60,
ESTAT:APRO_MT_PWGTM(1.0),29/04/22 23:00:00,M,B1200,SL,THS_T,IE,1982-08,35.60,
ESTAT:APRO_MT_PWGTM(1.0),29/04/22 23:00:00,M,B1200,SL,THS_T,IE,1982-09,41.90,
ESTAT:APRO_MT_PWGTM(1.0),29/04/22 23:00:00,M,B1200,SL,THS_T,IE,1982-10,47.80,
ESTAT:APRO_MT_PWGTM(1.0),29/04/22 23:00:00,M,B1200,SL,THS_T,IE,1982-11,44.40,
ESTAT:APRO_MT_PWGTM(1.0),29/04/22 23:00:00,M,B1200,SL,THS_T,IE,1982-12,24.30,
ESTAT:APRO_MT_PWGTM(1.0),29/04/22 23:00:00,M,B1200,SL,THS_T,IE,1983-01,22.40,
ESTAT:APRO_MT_PWGTM(1.0),29/04/22 23:00:00,M,B1200,SL,THS_T,IE,1983-02,21.60,
ESTAT:APRO_MT_PWGTM(1.0),29/04/22 23:00:00,M,B1200,SL,THS_T,IE,1983-03,23.50,
ESTAT:APRO_MT_PWGTM(1.0),29/04/22 23:00:00,M,B1200,SL,THS_T,IE,1983-04,18.60,
ESTAT:APRO_MT_PWGTM(1.0),29/04/22 23:00:00,M,B1200,SL,THS_T,IE,1983-05,20.70,
ESTAT:APRO_MT_PWGTM(1.0),29/04/22 23:00:00,M,B1200,SL,THS_T,IE,1983-06,25.10,
ESTAT:APRO_MT_PWGTM(1.0),29/04/22 23:00:00,M,B1200,SL,THS_T,IE,1983-07,28.20,
ESTAT:APRO_MT_PWGTM(1.0),29/04/22 23:00:00,M,B1200,SL,THS_T,IE,1983-08,32.20,
ESTAT:APRO_MT_PWGTM(1.0),29/04/22 23:00:00,M,B1200,SL,THS_T,IE,1983-09,39.70,
ESTAT:APRO_MT_PWGTM(1.0),29/04/22 23:00:00,M,B1200,SL,THS_T,IE,1983-10,43.00,
ESTAT:APRO_MT_PWGTM(1.0),29/04/22 23:00:00,M,B1200,SL,THS_T,IE,1983-11,45.60,
ESTAT:APRO_MT_PWGTM(1.0),29/04/22 23:00:00,M,B1200,SL,THS_T,IE,1983-12,31.80,
ESTAT:APRO_MT_PWGTM(1.0),29/04/22 23:00:00,M,B1200,SL,THS_T,IE,1984-01,25.40,
ESTAT:APRO_MT_PWGTM(1.0),29/04/22 23:00:00,M,B1200,SL,THS_T,IE,1984-02,25.50,
ESTAT:APRO_MT_PWGTM(1.0),29/04/22 23:00:00,M,B1200,SL,THS_T,IE,1984-03,24.30,
ESTAT:APRO_MT_PWGTM(1.0),29/04/22 23:00:00,M,B1200,SL,THS_T,IE,1984-04,20.20,
ESTAT:APRO_MT_PWGTM(1.0),29/04/22 23:00:00,M,B1200,SL,THS_T,IE,1984-05,21.50,
ESTAT:APRO_MT_PWGTM(1.0),29/04/22 23:00:00,M,B1200,SL,THS_T,IE,1984-06,21.40,
ESTAT:APRO_MT_PWGTM(1.0),29/04/22 23:00:00,M,B1200,SL,THS_T,IE,1984-07,27.10,
ESTAT:APRO_MT_PWGTM(1.0),29/04/22 23:00:00,M,B1200,SL,THS_T,IE,1984-08,38.70,
ESTAT:APRO_MT_PWGTM(1.0),29/04/22 23:00:00,M,B1200,SL,THS_T,IE,1984-09,50.10,
ESTAT:APRO_MT_PWGTM(1.0),29/04/22 23:00:00,M,B1200,SL,THS_T,IE,1984-10,59.70,
ESTAT:APRO_MT_PWGTM(1.0),29/04/22 23:00:00,M,B1200,SL,THS_T,IE,1984-11,57.70,
ESTAT:APRO_MT_PWGTM(1.0),29/04/22 23:00:00,M,B1200,SL,THS_T,IE,1984-12,29.80,
ESTAT:APRO_MT_PWGTM(1.0),29/04/22 23:00:00,M,B1200,SL,THS_T,IE,1985-01,30.50,
ESTAT:APRO_MT_PWGTM(1.0),29/04/22 23:00:00,M,B1200,SL,THS_T,IE,1985-02,22.30,
ESTAT:APRO_MT_PWGTM(1.0),29/04/22 23:00:00,M,B1200,SL,THS_T,IE,1985-03,26.00,
ESTAT:APRO_MT_PWGTM(1.0),29/04/22 23:00:00,M,B1200,SL,THS_T,IE,1985-04,27.90,
ESTAT:APRO_MT_PWGTM(1.0),29/04/22 23:00:00,M,B1200,SL,THS_T,IE,1985-05,35.50,
ESTAT:APRO_MT_PWGTM(1.0),29/04/22 23:00:00,M,B1200,SL,THS_T,IE,1985-06,22.20,
ESTAT:APRO_MT_PWGTM(1.0),29/04/22 23:00:00,M,B1200,SL,THS_T,IE,1985-07,28.00,
ESTAT:APRO_MT_PWGTM(1.0),29/04/22 23:00:00,M,B1200,SL,THS_T,IE,1985-08,38.30,
ESTAT:APRO_MT_PWGTM(1.0),29/04/22 23:00:00,M,B1200,SL,THS_T,IE,1985-09,54.50,
ESTAT:APRO_MT_PWGTM(1.0),29/04/22 23:00:00,M,B1200,SL,THS_T,IE,1985-10,68.90,
ESTAT:APRO_MT_PWGTM(1.0),29/04/22 23:00:00,M,B1200,SL,THS_T,IE,1985-11,58.90,
ESTAT:APRO_MT_PWGTM(1.0),29/04/22 23:00:00,M,B1200,SL,THS_T,IE,1985-12,36.10,
ESTAT:APRO_MT_PWGTM(1.0),29/04/22 23:00:00,M,B1200,SL,THS_T,IE,1986-01,32.00,
ESTAT:APRO_MT_PWGTM(1.0),29/04/22 23:00:00,M,B1200,SL,THS_T,IE,1986-02,28.90,
ESTAT:APRO_MT_PWGTM(1.0),29/04/22 23:00:00,M,B1200,SL,THS_T,IE,1986-03,29.00,
ESTAT:APRO_MT_PWGTM(1.0),29/04/22 23:00:00,M,B1200,SL,THS_T,IE,1986-04,33.50,
ESTAT:APRO_MT_PWGTM(1.0),29/04/22 23:00:00,M,B1200,SL,THS_T,IE,1986-05,31.30,
ESTAT:APRO_MT_PWGTM(1.0),29/04/22 23:00:00,M,B1200,SL,THS_T,IE,1986-06,26.50,
ESTAT:APRO_MT_PWGTM(1.0),29/04/22 23:00:00,M,B1200,SL,THS_T,IE,1986-07,38.70,
ESTAT:APRO_MT_PWGTM(1.0),29/04/22 23:00:00,M,B1200,SL,THS_T,IE,1986-08,46.60,
ESTAT:APRO_MT_PWGTM(1.0),29/04/22 23:00:00,M,B1200,SL,THS_T,IE,1986-09,53.40,
ESTAT:APRO_MT_PWGTM(1.0),29/04/22 23:00:00,M,B1200,SL,THS_T,IE,1986-10,81.90,
ESTAT:APRO_MT_PWGTM(1.0),29/04/22 23:00:00,M,B1200,SL,THS_T,IE,1986-11,66.70,
ESTAT:APRO_MT_PWGTM(1.0),29/04/22 23:00:00,M,B1200,SL,THS_T,IE,1986-12,37.50,
ESTAT:APRO_MT_PWGTM(1.0),29/04/22 23:00:00,M,B1200,SL,THS_T,IE,1987-01,33.70,
ESTAT:APRO_MT_PWGTM(1.0),29/04/22 23:00:00,M,B1200,SL,THS_T,IE,1987-02,32.30,
ESTAT:APRO_MT_PWGTM(1.0),29/04/22 23:00:00,M,B1200,SL,THS_T,IE,1987-03,37.40,
ESTAT:APRO_MT_PWGTM(1.0),29/04/22 23:00:00,M,B1200,SL,THS_T,IE,1987-04,25.70,
ESTAT:APRO_MT_PWGTM(1.0),29/04/22 23:00:00,M,B1200,SL,THS_T,IE,1987-05,24.50,
ESTAT:APRO_MT_PWGTM(1.0),29/04/22 23:00:00,M,B1200,SL,THS_T,IE,1987-06,30.60,
ESTAT:APRO_MT_PWGTM(1.0),29/04/22 23:00:00,M,B1200,SL,THS_T,IE,1987-07,34.70,
ESTAT:APRO_MT_PWGTM(1.0),29/04/22 23:00:00,M,B1200,SL,THS_T,IE,1987-08,37.50,
ESTAT:APRO_MT_PWGTM(1.0),29/04/22 23:00:00,M,B1200,SL,THS_T,IE,1987-09,59.90,
ESTAT:APRO_MT_PWGTM(1.0),29/04/22 23:00:00,M,B1200,SL,THS_T,IE,1987-10,82.10,
ESTAT:APRO_MT_PWGTM(1.0),29/04/22 23:00:00,M,B1200,SL,THS_T,IE,1987-11,51.90,
ESTAT:APRO_MT_PWGTM(1.0),29/04/22 23:00:00,M,B1200,SL,THS_T,IE,1987-12,28.00,
ESTAT:APRO_MT_PWGTM(1.0),29/04/22 23:00:00,M,B1200,SL,THS_T,IE,1988-01,27.40,
ESTAT:APRO_MT_PWGTM(1.0),29/04/22 23:00:00,M,B1200,SL,THS_T,IE,1988-02,29.10,
ESTAT:APRO_MT_PWGTM(1.0),29/04/22 23:00:00,M,B1200,SL,THS_T,IE,1988-03,33.60,
ESTAT:APRO_MT_PWGTM(1.0),29/04/22 23:00:00,M,B1200,SL,THS_T,IE,1988-04,27.10,
ESTAT:APRO_MT_PWGTM(1.0),29/04/22 23:00:00,M,B1200,SL,THS_T,IE,1988-05,21.30,
ESTAT:APRO_MT_PWGTM(1.0),29/04/22 23:00:00,M,B1200,SL,THS_T,IE,1988-06,26.70,
ESTAT:APRO_MT_PWGTM(1.0),29/04/22 23:00:00,M,B1200,SL,THS_T,IE,1988-07,24.80,
ESTAT:APRO_MT_PWGTM(1.0),29/04/22 23:00:00,M,B1200,SL,THS_T,IE,1988-08,34.40,
ESTAT:APRO_MT_PWGTM(1.0),29/04/22 23:00:00,M,B1200,SL,THS_T,IE,1988-09,51.90,
ESTAT:APRO_MT_PWGTM(1.0),29/04/22 23:00:00,M,B1200,SL,THS_T,IE,1988-10,83.80,
ESTAT:APRO_MT_PWGTM(1.0),29/04/22 23:00:00,M,B1200,SL,THS_T,IE,1988-11,67.40,
ESTAT:APRO_MT_PWGTM(1.0),29/04/22 23:00:00,M,B1200,SL,THS_T,IE,1988-12,31.60,
ESTAT:APRO_MT_PWGTM(1.0),29/04/22 23:00:00,M,B1200,SL,THS_T,IE,1989-01,17.90,
ESTAT:APRO_MT_PWGTM(1.0),29/04/22 23:00:00,M,B1200,SL,THS_T,IE,1989-02,18.40,
ESTAT:APRO_MT_PWGTM(1.0),29/04/22 23:00:00,M,B1200,SL,THS_T,IE,1989-03,41.70,
ESTAT:APRO_MT_PWGTM(1.0),29/04/22 23:00:00,M,B1200,SL,THS_T,IE,1989-04,17.70,
ESTAT:APRO_MT_PWGTM(1.0),29/04/22 23:00:00,M,B1200,SL,THS_T,IE,1989-05,19.90,
ESTAT:APRO_MT_PWGTM(1.0),29/04/22 23:00:00,M,B1200,SL,THS_T,IE,1989-06,23.00,
ESTAT:APRO_MT_PWGTM(1.0),29/04/22 23:00:00,M,B1200,SL,THS_T,IE,1989-07,29.40,
ESTAT:APRO_MT_PWGTM(1.0),29/04/22 23:00:00,M,B1200,SL,THS_T,IE,1989-08,32.40,
ESTAT:APRO_MT_PWGTM(1.0),29/04/22 23:00:00,M,B1200,SL,THS_T,IE,1989-09,33.60,
ESTAT:APRO_MT_PWGTM(1.0),29/04/22 23:00:00,M,B1200,SL,THS_T,IE,1989-10,69.30,
ESTAT:APRO_MT_PWGTM(1.0),29/04/22 23:00:00,M,B1200,SL,THS_T,IE,1989-11,92.50,
ESTAT:APRO_MT_PWGTM(1.0),29/04/22 23:00:00,M,B1200,SL,THS_T,IE,1989-12,36.60,
ESTAT:APRO_MT_PWGTM(1.0),29/04/22 23:00:00,M,B1200,SL,THS_T,IE,1990-01,30.30,
ESTAT:APRO_MT_PWGTM(1.0),29/04/22 23:00:00,M,B1200,SL,THS_T,IE,1990-02,28.00,
ESTAT:APRO_MT_PWGTM(1.0),29/04/22 23:00:00,M,B1200,SL,THS_T,IE,1990-03,33.80,
ESTAT:APRO_MT_PWGTM(1.0),29/04/22 23:00:00,M,B1200,SL,THS_T,IE,1990-04,27.80,
ESTAT:APRO_MT_PWGTM(1.0),29/04/22 23:00:00,M,B1200,SL,THS_T,IE,1990-05,30.40,
ESTAT:APRO_MT_PWGTM(1.0),29/04/22 23:00:00,M,B1200,SL,THS_T,IE,1990-06,32.80,
ESTAT:APRO_MT_PWGTM(1.0),29/04/22 23:00:00,M,B1200,SL,THS_T,IE,1990-07,36.80,
ESTAT:APRO_MT_PWGTM(1.0),29/04/22 23:00:00,M,B1200,SL,THS_T,IE,1990-08,44.20,
ESTAT:APRO_MT_PWGTM(1.0),29/04/22 23:00:00,M,B1200,SL,THS_T,IE,1990-09,53.60,
ESTAT:APRO_MT_PWGTM(1.0),29/04/22 23:00:00,M,B1200,SL,THS_T,IE,1990-10,86.30,
ESTAT:APRO_MT_PWGTM(1.0),29/04/22 23:00:00,M,B1200,SL,THS_T,IE,1990-11,75.60,
ESTAT:APRO_MT_PWGTM(1.0),29/04/22 23:00:00,M,B1200,SL,THS_T,IE,1990-12,38.50,
ESTAT:APRO_MT_PWGTM(1.0),29/04/22 23:00:00,M,B1200,SL,THS_T,IE,1991-01,35.40,
ESTAT:APRO_MT_PWGTM(1.0),29/04/22 23:00:00,M,B1200,SL,THS_T,IE,1991-02,33.50,
ESTAT:APRO_MT_PWGTM(1.0),29/04/22 23:00:00,M,B1200,SL,THS_T,IE,1991-03,40.90,
ESTAT:APRO_MT_PWGTM(1.0),29/04/22 23:00:00,M,B1200,SL,THS_T,IE,1991-04,44.30,
ESTAT:APRO_MT_PWGTM(1.0),29/04/22 23:00:00,M,B1200,SL,THS_T,IE,1991-05,32.50,
ESTAT:APRO_MT_PWGTM(1.0),29/04/22 23:00:00,M,B1200,SL,THS_T,IE,1991-06,36.80,
ESTAT:APRO_MT_PWGTM(1.0),29/04/22 23:00:00,M,B1200,SL,THS_T,IE,1991-07,32.00,
ESTAT:APRO_MT_PWGTM(1.0),29/04/22 23:00:00,M,B1200,SL,THS_T,IE,1991-08,46.60,
ESTAT:APRO_MT_PWGTM(1.0),29/04/22 23:00:00,M,B1200,SL,THS_T,IE,1991-09,61.40,
ESTAT:APRO_MT_PWGTM(1.0),29/04/22 23:00:00,M,B1200,SL,THS_T,IE,1991-10,82.70,
ESTAT:APRO_MT_PWGTM(1.0),29/04/22 23:00:00,M,B1200,SL,THS_T,IE,1991-11,75.40,
ESTAT:APRO_MT_PWGTM(1.0),29/04/22 23:00:00,M,B1200,SL,THS_T,IE,1991-12,35.20,
ESTAT:APRO_MT_PWGTM(1.0),29/04/22 23:00:00,M,B1200,SL,THS_T,IE,1992-01,35.00,
ESTAT:APRO_MT_PWGTM(1.0),29/04/22 23:00:00,M,B1200,SL,THS_T,IE,1992-02,31.90,
ESTAT:APRO_MT_PWGTM(1.0),29/04/22 23:00:00,M,B1200,SL,THS_T,IE,1992-03,46.70,
ESTAT:APRO_MT_PWGTM(1.0),29/04/22 23:00:00,M,B1200,SL,THS_T,IE,1992-04,40.00,
ESTAT:APRO_MT_PWGTM(1.0),29/04/22 23:00:00,M,B1200,SL,THS_T,IE,1992-05,33.80,
ESTAT:APRO_MT_PWGTM(1.0),29/04/22 23:00:00,M,B1200,SL,THS_T,IE,1992-06,33.80,
ESTAT:APRO_MT_PWGTM(1.0),29/04/22 23:00:00,M,B1200,SL,THS_T,IE,1992-07,38.70,
ESTAT:APRO_MT_PWGTM(1.0),29/04/22 23:00:00,M,B1200,SL,THS_T,IE,1992-08,40.40,
ESTAT:APRO_MT_PWGTM(1.0),29/04/22 23:00:00,M,B1200,SL,THS_T,IE,1992-09,72.10,
ESTAT:APRO_MT_PWGTM(1.0),29/04/22 23:00:00,M,B1200,SL,THS_T,IE,1992-10,90.00,
ESTAT:APRO_MT_PWGTM(1.0),29/04/22 23:00:00,M,B1200,SL,THS_T,IE,1992-11,67.30,
ESTAT:APRO_MT_PWGTM(1.0),29/04/22 23:00:00,M,B1200,SL,THS_T,IE,1992-12,38.30,
ESTAT:APRO_MT_PWGTM(1.0),29/04/22 23:00:00,M,B1200,SL,THS_T,IE,1993-01,38.30,
ESTAT:APRO_MT_PWGTM(1.0),29/04/22 23:00:00,M,B1200,SL,THS_T,IE,1993-02,37.10,
ESTAT:APRO_MT_PWGTM(1.0),29/04/22 23:00:00,M,B1200,SL,THS_T,IE,1993-03,41.30,
ESTAT:APRO_MT_PWGTM(1.0),29/04/22 23:00:00,M,B1200,SL,THS_T,IE,1993-04,49.90,
ESTAT:APRO_MT_PWGTM(1.0),29/04/22 23:00:00,M,B1200,SL,THS_T,IE,1993-05,30.50,
ESTAT:APRO_MT_PWGTM(1.0),29/04/22 23:00:00,M,B1200,SL,THS_T,IE,1993-06,34.10,
ESTAT:APRO_MT_PWGTM(1.0),29/04/22 23:00:00,M,B1200,SL,THS_T,IE,1993-07,36.30,
ESTAT:APRO_MT_PWGTM(1.0),29/04/22 23:00:00,M,B1200,SL,THS_T,IE,1993-08,41.80,
ESTAT:APRO_MT_PWGTM(1.0),29/04/22 23:00:00,M,B1200,SL,THS_T,IE,1993-09,51.80,
ESTAT:APRO_MT_PWGTM(1.0),29/04/22 23:00:00,M,B1200,SL,THS_T,IE,1993-10,57.80,
ESTAT:APRO_MT_PWGTM(1.0),29/04/22 23:00:00,M,B1200,SL,THS_T,IE,1993-11,73.60,
ESTAT:APRO_MT_PWGTM(1.0),29/04/22 23:00:00,M,B1200,SL,THS_T,IE,1993-12,35.90,
ESTAT:APRO_MT_PWGTM(1.0),29/04/22 23:00:00,M,B1200,SL,THS_T,IE,1994-01,28.70,
ESTAT:APRO_MT_PWGTM(1.0),29/04/22 23:00:00,M,B1200,SL,THS_T,IE,1994-02,26.30,
ESTAT:APRO_MT_PWGTM(1.0),29/04/22 23:00:00,M,B1200,SL,THS_T,IE,1994-03,45.10,
ESTAT:APRO_MT_PWGTM(1.0),29/04/22 23:00:00,M,B1200,SL,THS_T,IE,1994-04,45.20,
ESTAT:APRO_MT_PWGTM(1.0),29/04/22 23:00:00,M,B1200,SL,THS_T,IE,1994-05,20.80,
ESTAT:APRO_MT_PWGTM(1.0),29/04/22 23:00:00,M,B1200,SL,THS_T,IE,1994-06,26.10,
ESTAT:APRO_MT_PWGTM(1.0),29/04/22 23:00:00,M,B1200,SL,THS_T,IE,1994-07,25.20,
ESTAT:APRO_MT_PWGTM(1.0),29/04/22 23:00:00,M,B1200,SL,THS_T,IE,1994-08,38.20,
ESTAT:APRO_MT_PWGTM(1.0),29/04/22 23:00:00,M,B1200,SL,THS_T,IE,1994-09,50.60,
ESTAT:APRO_MT_PWGTM(1.0),29/04/22 23:00:00,M,B1200,SL,THS_T,IE,1994-10,50.90,
ESTAT:APRO_MT_PWGTM(1.0),29/04/22 23:00:00,M,B1200,SL,THS_T,IE,1994-11,57.70,
ESTAT:APRO_MT_PWGTM(1.0),29/04/22 23:00:00,M,B1200,SL,THS_T,IE,1994-12,32.90,
ESTAT:APRO_MT_PWGTM(1.0),29/04/22 23:00:00,M,B1200,SL,THS_T,IE,1995-01,39.60,
ESTAT:APRO_MT_PWGTM(1.0),29/04/22 23:00:00,M,B1200,SL,THS_T,IE,1995-02,39.30,
ESTAT:APRO_MT_PWGTM(1.0),29/04/22 23:00:00,M,B1200,SL,THS_T,IE,1995-03,48.70,
ESTAT:APRO_MT_PWGTM(1.0),29/04/22 23:00:00,M,B1200,SL,THS_T,IE,1995-04,46.20,
ESTAT:APRO_MT_PWGTM(1.0),29/04/22 23:00:00,M,B1200,SL,THS_T,IE,1995-05,36.70,
ESTAT:APRO_MT_PWGTM(1.0),29/04/22 23:00:00,M,B1200,SL,THS_T,IE,1995-06,27.00,
ESTAT:APRO_MT_PWGTM(1.0),29/04/22 23:00:00,M,B1200,SL,THS_T,IE,1995-07,25.70,
ESTAT:APRO_MT_PWGTM(1.0),29/04/22 23:00:00,M,B1200,SL,THS_T,IE,1995-08,40.80,
ESTAT:APRO_MT_PWGTM(1.0),29/04/22 23:00:00,M,B1200,SL,THS_T,IE,1995-09,44.40,
ESTAT:APRO_MT_PWGTM(1.0),29/04/22 23:00:00,M,B1200,SL,THS_T,IE,1995-10,53.30,
ESTAT:APRO_MT_PWGTM(1.0),29/04/22 23:00:00,M,B1200,SL,THS_T,IE,1995-11,55.80,
ESTAT:APRO_MT_PWGTM(1.0),29/04/22 23:00:00,M,B1200,SL,THS_T,IE,1995-12,23.60,
ESTAT:APRO_MT_PWGTM(1.0),29/04/22 23:00:00,M,B1200,SL,THS_T,IE,1996-01,39.10,
ESTAT:APRO_MT_PWGTM(1.0),29/04/22 23:00:00,M,B1200,SL,THS_T,IE,1996-02,48.90,
ESTAT:APRO_MT_PWGTM(1.0),29/04/22 23:00:00,M,B1200,SL,THS_T,IE,1996-03,38.20,
ESTAT:APRO_MT_PWGTM(1.0),29/04/22 23:00:00,M,B1200,SL,THS_T,IE,1996-04,34.90,
ESTAT:APRO_MT_PWGTM(1.0),29/04/22 23:00:00,M,B1200,SL,THS_T,IE,1996-05,48.90,
ESTAT:APRO_MT_PWGTM(1.0),29/04/22 23:00:00,M,B1200,SL,THS_T,IE,1996-06,28.10,
ESTAT:APRO_MT_PWGTM(1.0),29/04/22 23:00:00,M,B1200,SL,THS_T,IE,1996-07,37.60,
ESTAT:APRO_MT_PWGTM(1.0),29/04/22 23:00:00,M,B1200,SL,THS_T,IE,1996-08,49.50,
ESTAT:APRO_MT_PWGTM(1.0),29/04/22 23:00:00,M,B1200,SL,THS_T,IE,1996-09,46.90,
ESTAT:APRO_MT_PWGTM(1.0),29/04/22 23:00:00,M,B1200,SL,THS_T,IE,1996-10,74.20,
ESTAT:APRO_MT_PWGTM(1.0),29/04/22 23:00:00,M,B1200,SL,THS_T,IE,1996-11,58.70,
ESTAT:APRO_MT_PWGTM(1.0),29/04/22 23:00:00,M,B1200,SL,THS_T,IE,1996-12,33.00,
ESTAT:APRO_MT_PWGTM(1.0),29/04/22 23:00:00,M,B1200,SL,THS_T,IE,1997-01,56.30,
ESTAT:APRO_MT_PWGTM(1.0),29/04/22 23:00:00,M,B1200,SL,THS_T,IE,1997-02,47.70,
ESTAT:APRO_MT_PWGTM(1.0),29/04/22 23:00:00,M,B1200,SL,THS_T,IE,1997-03,48.90,
ESTAT:APRO_MT_PWGTM(1.0),29/04/22 23:00:00,M,B1200,SL,THS_T,IE,1997-04,51.20,
ESTAT:APRO_MT_PWGTM(1.0),29/04/22 23:00:00,M,B1200,SL,THS_T,IE,1997-05,45.10,
ESTAT:APRO_MT_PWGTM(1.0),29/04/22 23:00:00,M,B1200,SL,THS_T,IE,1997-06,32.00,
ESTAT:APRO_MT_PWGTM(1.0),29/04/22 23:00:00,M,B1200,SL,THS_T,IE,1997-07,39.40,
ESTAT:APRO_MT_PWGTM(1.0),29/04/22 23:00:00,M,B1200,SL,THS_T,IE,1997-08,42.10,
ESTAT:APRO_MT_PWGTM(1.0),29/04/22 23:00:00,M,B1200,SL,THS_T,IE,1997-09,56.40,
ESTAT:APRO_MT_PWGTM(1.0),29/04/22 23:00:00,M,B1200,SL,THS_T,IE,1997-10,57.70,
ESTAT:APRO_MT_PWGTM(1.0),29/04/22 23:00:00,M,B1200,SL,THS_T,IE,1997-11,56.10,
ESTAT:APRO_MT_PWGTM(1.0),29/04/22 23:00:00,M,B1200,SL,THS_T,IE,1997-12,35.30,
ESTAT:APRO_MT_PWGTM(1.0),29/04/22 23:00:00,M,B1200,SL,THS_T,IE,1998-01,59.50,
ESTAT:APRO_MT_PWGTM(1.0),29/04/22 23:00:00,M,B1200,SL,THS_T,IE,1998-02,51.80,
ESTAT:APRO_MT_PWGTM(1.0),29/04/22 23:00:00,M,B1200,SL,THS_T,IE,1998-03,57.90,
ESTAT:APRO_MT_PWGTM(1.0),29/04/22 23:00:00,M,B1200,SL,THS_T,IE,1998-04,55.40,
ESTAT:APRO_MT_PWGTM(1.0),29/04/22 23:00:00,M,B1200,SL,THS_T,IE,1998-05,35.50,
ESTAT:APRO_MT_PWGTM(1.0),29/04/22 23:00:00,M,B1200,SL,THS_T,IE,1998-06,33.60,
ESTAT:APRO_MT_PWGTM(1.0),29/04/22 23:00:00,M,B1200,SL,THS_T,IE,1998-07,43.40,
ESTAT:APRO_MT_PWGTM(1.0),29/04/22 23:00:00,M,B1200,SL,THS_T,IE,1998-08,44.30,
ESTAT:APRO_MT_PWGTM(1.0),29/04/22 23:00:00,M,B1200,SL,THS_T,IE,1998-09,46.90,
ESTAT:APRO_MT_PWGTM(1.0),29/04/22 23:00:00,M,B1200,SL,THS_T,IE,1998-10,52.90,
ESTAT:APRO_MT_PWGTM(1.0),29/04/22 23:00:00,M,B1200,SL,THS_T,IE,1998-11,65.60,
ESTAT:APRO_MT_PWGTM(1.0),29/04/22 23:00:00,M,B1200,SL,THS_T,IE,1998-12,47.40,
ESTAT:APRO_MT_PWGTM(1.0),29/04/22 23:00:00,M,B1200,SL,THS_T,IE,1999-01,58.50,
ESTAT:APRO_MT_PWGTM(1.0),29/04/22 23:00:00,M,B1200,SL,THS_T,IE,1999-02,54.30,
ESTAT:APRO_MT_PWGTM(1.0),29/04/22 23:00:00,M,B1200,SL,THS_T,IE,1999-03,57.90,
ESTAT:APRO_MT_PWGTM(1.0),29/04/22 23:00:00,M,B1200,SL,THS_T,IE,1999-04,48.80,
ESTAT:APRO_MT_PWGTM(1.0),29/04/22 23:00:00,M,B1200,SL,THS_T,IE,1999-05,45.70,
ESTAT:APRO_MT_PWGTM(1.0),29/04/22 23:00:00,M,B1200,SL,THS_T,IE,1999-06,45.20,
ESTAT:APRO_MT_PWGTM(1.0),29/04/22 23:00:00,M,B1200,SL,THS_T,IE,1999-07,44.50,
ESTAT:APRO_MT_PWGTM(1.0),29/04/22 23:00:00,M,B1200,SL,THS_T,IE,1999-08,52.20,
ESTAT:APRO_MT_PWGTM(1.0),29/04/22 23:00:00,M,B1200,SL,THS_T,IE,1999-09,61.00,
ESTAT:APRO_MT_PWGTM(1.0),29/04/22 23:00:00,M,B1200,SL,THS_T,IE,1999-10,61.60,
ESTAT:APRO_MT_PWGTM(1.0),29/04/22 23:00:00,M,B1200,SL,THS_T,IE,1999-11,64.70,
ESTAT:APRO_MT_PWGTM(1.0),29/04/22 23:00:00,M,B1200,SL,THS_T,IE,1999-12,48.10,
ESTAT:APRO_MT_PWGTM(1.0),29/04/22 23:00:00,M,B1200,SL,THS_T,IE,2000-01,35.20,
ESTAT:APRO_MT_PWGTM(1.0),29/04/22 23:00:00,M,B1200,SL,THS_T,IE,2000-02,59.00,
ESTAT:APRO_MT_PWGTM(1.0),29/04/22 23:00:00,M,B1200,SL,THS_T,IE,2000-03,61.60,
ESTAT:APRO_MT_PWGTM(1.0),29/04/22 23:00:00,M,B1200,SL,THS_T,IE,2000-04,50.20,
ESTAT:APRO_MT_PWGTM(1.0),29/04/22 23:00:00,M,B1200,SL,THS_T,IE,2000-05,49.20,
ESTAT:APRO_MT_PWGTM(1.0),29/04/22 23:00:00,M,B1200,SL,THS_T,IE,2000-06,42.20,
ESTAT:APRO_MT_PWGTM(1.0),29/04/22 23:00:00,M,B1200,SL,THS_T,IE,2000-07,35.60,
ESTAT:APRO_MT_PWGTM(1.0),29/04/22 23:00:00,M,B1200,SL,THS_T,IE,2000-08,50.10,
ESTAT:APRO_MT_PWGTM(1.0),29/04/22 23:00:00,M,B1200,SL,THS_T,IE,2000-09,56.80,
ESTAT:APRO_MT_PWGTM(1.0),29/04/22 23:00:00,M,B1200,SL,THS_T,IE,2000-10,57.60,
ESTAT:APRO_MT_PWGTM(1.0),29/04/22 23:00:00,M,B1200,SL,THS_T,IE,2000-11,53.50,
ESTAT:APRO_MT_PWGTM(1.0),29/04/22 23:00:00,M,B1200,SL,THS_T,IE,2000-12,25.60,
ESTAT:APRO_MT_PWGTM(1.0),29/04/22 23:00:00,M,B1200,SL,THS_T,IE,2001-01,29.80,
ESTAT:APRO_MT_PWGTM(1.0),29/04/22 23:00:00,M,B1200,SL,THS_T,IE,2001-02,22.30,
ESTAT:APRO_MT_PWGTM(1.0),29/04/22 23:00:00,M,B1200,SL,THS_T,IE,2001-03,32.20,
ESTAT:APRO_MT_PWGTM(1.0),29/04/22 23:00:00,M,B1200,SL,THS_T,IE,2001-04,29.00,
ESTAT:APRO_MT_PWGTM(1.0),29/04/22 23:00:00,M,B1200,SL,THS_T,IE,2001-05,33.10,
ESTAT:APRO_MT_PWGTM(1.0),29/04/22 23:00:00,M,B1200,SL,THS_T,IE,2001-06,35.30,
ESTAT:APRO_MT_PWGTM(1.0),29/04/22 23:00:00,M,B1200,SL,THS_T,IE,2001-07,42.40,
ESTAT:APRO_MT_PWGTM(1.0),29/04/22 23:00:00,M,B1200,SL,THS_T,IE,2001-08,51.10,
ESTAT:APRO_MT_PWGTM(1.0),29/04/22 23:00:00,M,B1200,SL,THS_T,IE,2001-09,49.50,
ESTAT:APRO_MT_PWGTM(1.0),29/04/22 23:00:00,M,B1200,SL,THS_T,IE,2001-10,57.80,
ESTAT:APRO_MT_PWGTM(1.0),29/04/22 23:00:00,M,B1200,SL,THS_T,IE,2001-11,65.10,
ESTAT:APRO_MT_PWGTM(1.0),29/04/22 23:00:00,M,B1200,SL,THS_T,IE,2001-12,40.70,
ESTAT:APRO_MT_PWGTM(1.0),29/04/22 23:00:00,M,B1200,SL,THS_T,IE,2002-01,50.50,
ESTAT:APRO_MT_PWGTM(1.0),29/04/22 23:00:00,M,B1200,SL,THS_T,IE,2002-02,39.70,
ESTAT:APRO_MT_PWGTM(1.0),29/04/22 23:00:00,M,B1200,SL,THS_T,IE,2002-03,36.60,
ESTAT:APRO_MT_PWGTM(1.0),29/04/22 23:00:00,M,B1200,SL,THS_T,IE,2002-04,41.90,
ESTAT:APRO_MT_PWGTM(1.0),29/04/22 23:00:00,M,B1200,SL,THS_T,IE,2002-05,43.60,
ESTAT:APRO_MT_PWGTM(1.0),29/04/22 23:00:00,M,B1200,SL,THS_T,IE,2002-06,34.90,
ESTAT:APRO_MT_PWGTM(1.0),29/04/22 23:00:00,M,B1200,SL,THS_T,IE,2002-07,46.30,
ESTAT:APRO_MT_PWGTM(1.0),29/04/22 23:00:00,M,B1200,SL,THS_T,IE,2002-08,44.10,
ESTAT:APRO_MT_PWGTM(1.0),29/04/22 23:00:00,M,B1200,SL,THS_T,IE,2002-09,52.10,
ESTAT:APRO_MT_PWGTM(1.0),29/04/22 23:00:00,M,B1200,SL,THS_T,IE,2002-10,55.70,
ESTAT:APRO_MT_PWGTM(1.0),29/04/22 23:00:00,M,B1200,SL,THS_T,IE,2002-11,54.30,
ESTAT:APRO_MT_PWGTM(1.0),29/04/22 23:00:00,M,B1200,SL,THS_T,IE,2002-12,39.50,
ESTAT:APRO_MT_PWGTM(1.0),29/04/22 23:00:00,M,B1200,SL,THS_T,IE,2003-01,46.90,
ESTAT:APRO_MT_PWGTM(1.0),29/04/22 23:00:00,M,B1200,SL,THS_T,IE,2003-02,42.80,
ESTAT:APRO_MT_PWGTM(1.0),29/04/22 23:00:00,M,B1200,SL,THS_T,IE,2003-03,40.00,
ESTAT:APRO_MT_PWGTM(1.0),29/04/22 23:00:00,M,B1200,SL,THS_T,IE,2003-04,46.30,
ESTAT:APRO_MT_PWGTM(1.0),29/04/22 23:00:00,M,B1200,SL,THS_T,IE,2003-05,42.60,
ESTAT:APRO_MT_PWGTM(1.0),29/04/22 23:00:00,M,B1200,SL,THS_T,IE,2003-06,38.60,
ESTAT:APRO_MT_PWGTM(1.0),29/04/22 23:00:00,M,B1200,SL,THS_T,IE,2003-07,48.50,
ESTAT:APRO_MT_PWGTM(1.0),29/04/22 23:00:00,M,B1200,SL,THS_T,IE,2003-08,47.60,
ESTAT:APRO_MT_PWGTM(1.0),29/04/22 23:00:00,M,B1200,SL,THS_T,IE,2003-09,57.30,
ESTAT:APRO_MT_PWGTM(1.0),29/04/22 23:00:00,M,B1200,SL,THS_T,IE,2003-10,60.20,
ESTAT:APRO_MT_PWGTM(1.0),29/04/22 23:00:00,M,B1200,SL,THS_T,IE,2003-11,53.60,
ESTAT:APRO_MT_PWGTM(1.0),29/04/22 23:00:00,M,B1200,SL,THS_T,IE,2003-12,43.10,
ESTAT:APRO_MT_PWGTM(1.0),29/04/22 23:00:00,M,B1200,SL,THS_T,IE,2004-01,42.40,
ESTAT:APRO_MT_PWGTM(1.0),29/04/22 23:00:00,M,B1200,SL,THS_T,IE,2004-02,40.10,
ESTAT:APRO_MT_PWGTM(1.0),29/04/22 23:00:00,M,B1200,SL,THS_T,IE,2004-03,45.60,
ESTAT:APRO_MT_PWGTM(1.0),29/04/22 23:00:00,M,B1200,SL,THS_T,IE,2004-04,42.60,
ESTAT:APRO_MT_PWGTM(1.0),29/04/22 23:00:00,M,B1200,SL,THS_T,IE,2004-05,37.10,
ESTAT:APRO_MT_PWGTM(1.0),29/04/22 23:00:00,M,B1200,SL,THS_T,IE,2004-06,37.10,
ESTAT:APRO_MT_PWGTM(1.0),29/04/22 23:00:00,M,B1200,SL,THS_T,IE,2004-07,44.20,
ESTAT:APRO_MT_PWGTM(1.0),29/04/22 23:00:00,M,B1200,SL,THS_T,IE,2004-08,50.10,
ESTAT:APRO_MT_PWGTM(1.0),29/04/22 23:00:00,M,B1200,SL,THS_T,IE,2004-09,56.10,
ESTAT:APRO_MT_PWGTM(1.0),29/04/22 23:00:00,M,B1200,SL,THS_T,IE,2004-10,57.20,
ESTAT:APRO_MT_PWGTM(1.0),29/04/22 23:00:00,M,B1200,SL,THS_T,IE,2004-11,59.80,
ESTAT:APRO_MT_PWGTM(1.0),29/04/22 23:00:00,M,B1200,SL,THS_T,IE,2004-12,50.40,
ESTAT:APRO_MT_PWGTM(1.0),29/04/22 23:00:00,M,B1200,SL,THS_T,IE,2005-01,26.80,
ESTAT:APRO_MT_PWGTM(1.0),29/04/22 23:00:00,M,B1200,SL,THS_T,IE,2005-02,42.50,
ESTAT:APRO_MT_PWGTM(1.0),29/04/22 23:00:00,M,B1200,SL,THS_T,IE,2005-03,44.60,
ESTAT:APRO_MT_PWGTM(1.0),29/04/22 23:00:00,M,B1200,SL,THS_T,IE,2005-04,41.70,
ESTAT:APRO_MT_PWGTM(1.0),29/04/22 23:00:00,M,B1200,SL,THS_T,IE,2005-05,42.90,
ESTAT:APRO_MT_PWGTM(1.0),29/04/22 23:00:00,M,B1200,SL,THS_T,IE,2005-06,44.50,
ESTAT:APRO_MT_PWGTM(1.0),29/04/22 23:00:00,M,B1200,SL,THS_T,IE,2005-07,41.50,
ESTAT:APRO_MT_PWGTM(1.0),29/04/22 23:00:00,M,B1200,SL,THS_T,IE,2005-08,49.20,
ESTAT:APRO_MT_PWGTM(1.0),29/04/22 23:00:00,M,B1200,SL,THS_T,IE,2005-09,56.30,
ESTAT:APRO_MT_PWGTM(1.0),29/04/22 23:00:00,M,B1200,SL,THS_T,IE,2005-10,49.30,
ESTAT:APRO_MT_PWGTM(1.0),29/04/22 23:00:00,M,B1200,SL,THS_T,IE,2005-11,59.60,
ESTAT:APRO_MT_PWGTM(1.0),29/04/22 23:00:00,M,B1200,SL,THS_T,IE,2005-12,47.00,
ESTAT:APRO_MT_PWGTM(1.0),29/04/22 23:00:00,M,B1200,SL,THS_T,IE,2006-01,44.50,
ESTAT:APRO_MT_PWGTM(1.0),29/04/22 23:00:00,M,B1200,SL,THS_T,IE,2006-02,44.40,
ESTAT:APRO_MT_PWGTM(1.0),29/04/22 23:00:00,M,B1200,SL,THS_T,IE,2006-03,51.50,
ESTAT:APRO_MT_PWGTM(1.0),29/04/22 23:00:00,M,B1200,SL,THS_T,IE,2006-04,43.40,
ESTAT:APRO_MT_PWGTM(1.0),29/04/22 23:00:00,M,B1200,SL,THS_T,IE,2006-05,48.10,
ESTAT:APRO_MT_PWGTM(1.0),29/04/22 23:00:00,M,B1200,SL,THS_T,IE,2006-06,45.00,
ESTAT:APRO_MT_PWGTM(1.0),29/04/22 23:00:00,M,B1200,SL,THS_T,IE,2006-07,44.40,
ESTAT:APRO_MT_PWGTM(1.0),29/04/22 23:00:00,M,B1200,SL,THS_T,IE,2006-08,47.30,
ESTAT:APRO_MT_PWGTM(1.0),29/04/22 23:00:00,M,B1200,SL,THS_T,IE,2006-09,53.70,
ESTAT:APRO_MT_PWGTM(1.0),29/04/22 23:00:00,M,B1200,SL,THS_T,IE,2006-10,53.90,
ESTAT:APRO_MT_PWGTM(1.0),29/04/22 23:00:00,M,B1200,SL,THS_T,IE,2006-11,56.80,
ESTAT:APRO_MT_PWGTM(1.0),29/04/22 23:00:00,M,B1200,SL,THS_T,IE,2006-12,39.20,
ESTAT:APRO_MT_PWGTM(1.0),29/04/22 23:00:00,M,B1200,SL,THS_T,IE,2007-01,50.10,
ESTAT:APRO_MT_PWGTM(1.0),29/04/22 23:00:00,M,B1200,SL,THS_T,IE,2007-02,46.90,
ESTAT:APRO_MT_PWGTM(1.0),29/04/22 23:00:00,M,B1200,SL,THS_T,IE,2007-03,46.60,
ESTAT:APRO_MT_PWGTM(1.0),29/04/22 23:00:00,M,B1200,SL,THS_T,IE,2007-04,47.20,
ESTAT:APRO_MT_PWGTM(1.0),29/04/22 23:00:00,M,B1200,SL,THS_T,IE,2007-05,48.80,
ESTAT:APRO_MT_PWGTM(1.0),29/04/22 23:00:00,M,B1200,SL,THS_T,IE,2007-06,40.70,
ESTAT:APRO_MT_PWGTM(1.0),29/04/22 23:00:00,M,B1200,SL,THS_T,IE,2007-07,45.00,
ESTAT:APRO_MT_PWGTM(1.0),29/04/22 23:00:00,M,B1200,SL,THS_T,IE,2007-08,49.80,
ESTAT:APRO_MT_PWGTM(1.0),29/04/22 23:00:00,M,B1200,SL,THS_T,IE,2007-09,50.50,
ESTAT:APRO_MT_PWGTM(1.0),29/04/22 23:00:00,M,B1200,SL,THS_T,IE,2007-10,57.50,
ESTAT:APRO_MT_PWGTM(1.0),29/04/22 23:00:00,M,B1200,SL,THS_T,IE,2007-11,59.60,
ESTAT:APRO_MT_PWGTM(1.0),29/04/22 23:00:00,M,B1200,SL,THS_T,IE,2007-12,38.10,
ESTAT:APRO_MT_PWGTM(1.0),29/04/22 23:00:00,M,B1200,SL,THS_T,IE,2008-01,45.28,
ESTAT:APRO_MT_PWGTM(1.0),29/04/22 23:00:00,M,B1200,SL,THS_T,IE,2008-02,43.96,
ESTAT:APRO_MT_PWGTM(1.0),29/04/22 23:00:00,M,B1200,SL,THS_T,IE,2008-03,40.33,
ESTAT:APRO_MT_PWGTM(1.0),29/04/22 23:00:00,M,B1200,SL,THS_T,IE,2008-04,45.19,
ESTAT:APRO_MT_PWGTM(1.0),29/04/22 23:00:00,M,B1200,SL,THS_T,IE,2008-05,41.28,
ESTAT:APRO_MT_PWGTM(1.0),29/04/22 23:00:00,M,B1200,SL,THS_T,IE,2008-06,40.91,
ESTAT:APRO_MT_PWGTM(1.0),29/04/22 23:00:00,M,B1200,SL,THS_T,IE,2008-07,44.99,
ESTAT:APRO_MT_PWGTM(1.0),29/04/22 23:00:00,M,B1200,SL,THS_T,IE,2008-08,45.34,
ESTAT:APRO_MT_PWGTM(1.0),29/04/22 23:00:00,M,B1200,SL,THS_T,IE,2008-09,53.12,
ESTAT:APRO_MT_PWGTM(1.0),29/04/22 23:00:00,M,B1200,SL,THS_T,IE,2008-10,56.36,
ESTAT:APRO_MT_PWGTM(1.0),29/04/22 23:00:00,M,B1200,SL,THS_T,IE,2008-11,42.26,
ESTAT:APRO_MT_PWGTM(1.0),29/04/22 23:00:00,M,B1200,SL,THS_T,IE,2008-12,38.11,
ESTAT:APRO_MT_PWGTM(1.0),29/04/22 23:00:00,M,B1200,SL,THS_T,IE,2009-01,36.55,
ESTAT:APRO_MT_PWGTM(1.0),29/04/22 23:00:00,M,B1200,SL,THS_T,IE,2009-02,40.24,
ESTAT:APRO_MT_PWGTM(1.0),29/04/22 23:00:00,M,B1200,SL,THS_T,IE,2009-03,40.56,
ESTAT:APRO_MT_PWGTM(1.0),29/04/22 23:00:00,M,B1200,SL,THS_T,IE,2009-04,41.17,
ESTAT:APRO_MT_PWGTM(1.0),29/04/22 23:00:00,M,B1200,SL,THS_T,IE,2009-05,39.61,
ESTAT:APRO_MT_PWGTM(1.0),29/04/22 23:00:00,M,B1200,SL,THS_T,IE,2009-06,38.31,
ESTAT:APRO_MT_PWGTM(1.0),29/04/22 23:00:00,M,B1200,SL,THS_T,IE,2009-07,44.37,
ESTAT:APRO_MT_PWGTM(1.0),29/04/22 23:00:00,M,B1200,SL,THS_T,IE,2009-08,41.48,
ESTAT:APRO_MT_PWGTM(1.0),29/04/22 23:00:00,M,B1200,SL,THS_T,IE,2009-09,50.39,
ESTAT:APRO_MT_PWGTM(1.0),29/04/22 23:00:00,M,B1200,SL,THS_T,IE,2009-10,48.27,
ESTAT:APRO_MT_PWGTM(1.0),29/04/22 23:00:00,M,B1200,SL,THS_T,IE,2009-11,50.52,
ESTAT:APRO_MT_PWGTM(1.0),29/04/22 23:00:00,M,B1200,SL,THS_T,IE,2009-12,42.36,
ESTAT:APRO_MT_PWGTM(1.0),29/04/22 23:00:00,M,B1200,SL,THS_T,IE,2010-01,41.11,
ESTAT:APRO_MT_PWGTM(1.0),29/04/22 23:00:00,M,B1200,SL,THS_T,IE,2010-02,45.83,
ESTAT:APRO_MT_PWGTM(1.0),29/04/22 23:00:00,M,B1200,SL,THS_T,IE,2010-03,51.81,
ESTAT:APRO_MT_PWGTM(1.0),29/04/22 23:00:00,M,B1200,SL,THS_T,IE,2010-04,44.87,
ESTAT:APRO_MT_PWGTM(1.0),29/04/22 23:00:00,M,B1200,SL,THS_T,IE,2010-05,43.70,
ESTAT:APRO_MT_PWGTM(1.0),29/04/22 23:00:00,M,B1200,SL,THS_T,IE,2010-06,45.40,
ESTAT:APRO_MT_PWGTM(1.0),29/04/22 23:00:00,M,B1200,SL,THS_T,IE,2010-07,43.42,
ESTAT:APRO_MT_PWGTM(1.0),29/04/22 23:00:00,M,B1200,SL,THS_T,IE,2010-08,44.55,
ESTAT:APRO_MT_PWGTM(1.0),29/04/22 23:00:00,M,B1200,SL,THS_T,IE,2010-09,52.63,
ESTAT:APRO_MT_PWGTM(1.0),29/04/22 23:00:00,M,B1200,SL,THS_T,IE,2010-10,48.71,
ESTAT:APRO_MT_PWGTM(1.0),29/04/22 23:00:00,M,B1200,SL,THS_T,IE,2010-11,54.31,
ESTAT:APRO_MT_PWGTM(1.0),29/04/22 23:00:00,M,B1200,SL,THS_T,IE,2010-12,41.71,
ESTAT:APRO_MT_PWGTM(1.0),29/04/22 23:00:00,M,B1200,SL,THS_T,IE,2011-01,40.01,
ESTAT:APRO_MT_PWGTM(1.0),29/04/22 23:00:00,M,B1200,SL,THS_T,IE,2011-02,41.89,
ESTAT:APRO_MT_PWGTM(1.0),29/04/22 23:00:00,M,B1200,SL,THS_T,IE,2011-03,48.66,
ESTAT:APRO_MT_PWGTM(1.0),29/04/22 23:00:00,M,B1200,SL,THS_T,IE,2011-04,45.05,
ESTAT:APRO_MT_PWGTM(1.0),29/04/22 23:00:00,M,B1200,SL,THS_T,IE,2011-05,44.55,
ESTAT:APRO_MT_PWGTM(1.0),29/04/22 23:00:00,M,B1200,SL,THS_T,IE,2011-06,44.96,
ESTAT:APRO_MT_PWGTM(1.0),29/04/22 23:00:00,M,B1200,SL,THS_T,IE,2011-07,38.89,
ESTAT:APRO_MT_PWGTM(1.0),29/04/22 23:00:00,M,B1200,SL,THS_T,IE,2011-08,47.60,
ESTAT:APRO_MT_PWGTM(1.0),29/04/22 23:00:00,M,B1200,SL,THS_T,IE,2011-09,51.87,
ESTAT:APRO_MT_PWGTM(1.0),29/04/22 23:00:00,M,B1200,SL,THS_T,IE,2011-10,50.80,
ESTAT:APRO_MT_PWGTM(1.0),29/04/22 23:00:00,M,B1200,SL,THS_T,IE,2011-11,53.47,
ESTAT:APRO_MT_PWGTM(1.0),29/04/22 23:00:00,M,B1200,SL,THS_T,IE,2011-12,37.69,
ESTAT:APRO_MT_PWGTM(1.0),29/04/22 23:00:00,M,B1200,SL,THS_T,IE,2012-01,42.06,
ESTAT:APRO_MT_PWGTM(1.0),29/04/22 23:00:00,M,B1200,SL,THS_T,IE,2012-02,39.75,
ESTAT:APRO_MT_PWGTM(1.0),29/04/22 23:00:00,M,B1200,SL,THS_T,IE,2012-03,37.95,
ESTAT:APRO_MT_PWGTM(1.0),29/04/22 23:00:00,M,B1200,SL,THS_T,IE,2012-04,37.36,
ESTAT:APRO_MT_PWGTM(1.0),29/04/22 23:00:00,M,B1200,SL,THS_T,IE,2012-05,39.50,
ESTAT:APRO_MT_PWGTM(1.0),29/04/22 23:00:00,M,B1200,SL,THS_T,IE,2012-06,35.18,
ESTAT:APRO_MT_PWGTM(1.0),29/04/22 23:00:00,M,B1200,SL,THS_T,IE,2012-07,38.41,
ESTAT:APRO_MT_PWGTM(1.0),29/04/22 23:00:00,M,B1200,SL,THS_T,IE,2012-08,42.79,
ESTAT:APRO_MT_PWGTM(1.0),29/04/22 23:00:00,M,B1200,SL,THS_T,IE,2012-09,42.18,
ESTAT:APRO_MT_PWGTM(1.0),29/04/22 23:00:00,M,B1200,SL,THS_T,IE,2012-10,51.56,
ESTAT:APRO_MT_PWGTM(1.0),29/04/22 23:00:00,M,B1200,SL,THS_T,IE,2012-11,48.81,
ESTAT:APRO_MT_PWGTM(1.0),29/04/22 23:00:00,M,B1200,SL,THS_T,IE,2012-12,39.06,
ESTAT:APRO_MT_PWGTM(1.0),29/04/22 23:00:00,M,B1200,SL,THS_T,IE,2013-01,45.95,
ESTAT:APRO_MT_PWGTM(1.0),29/04/22 23:00:00,M,B1200,SL,THS_T,IE,2013-02,42.50,
ESTAT:APRO_MT_PWGTM(1.0),29/04/22 23:00:00,M,B1200,SL,THS_T,IE,2013-03,38.16,
ESTAT:APRO_MT_PWGTM(1.0),29/04/22 23:00:00,M,B1200,SL,THS_T,IE,2013-04,40.94,
ESTAT:APRO_MT_PWGTM(1.0),29/04/22 23:00:00,M,B1200,SL,THS_T,IE,2013-05,41.62,
ESTAT:APRO_MT_PWGTM(1.0),29/04/22 23:00:00,M,B1200,SL,THS_T,IE,2013-06,36.41,
ESTAT:APRO_MT_PWGTM(1.0),29/04/22 23:00:00,M,B1200,SL,THS_T,IE,2013-07,43.70,
ESTAT:APRO_MT_PWGTM(1.0),29/04/22 23:00:00,M,B1200,SL,THS_T,IE,2013-08,39.88,
ESTAT:APRO_MT_PWGTM(1.0),29/04/22 23:00:00,M,B1200,SL,THS_T,IE,2013-09,47.74,
ESTAT:APRO_MT_PWGTM(1.0),29/04/22 23:00:00,M,B1200,SL,THS_T,IE,2013-10,51.50,
ESTAT:APRO_MT_PWGTM(1.0),29/04/22 23:00:00,M,B1200,SL,THS_T,IE,2013-11,47.26,
ESTAT:APRO_MT_PWGTM(1.0),29/04/22 23:00:00,M,B1200,SL,THS_T,IE,2013-12,41.03,
ESTAT:APRO_MT_PWGTM(1.0),29/04/22 23:00:00,M,B1200,SL,THS_T,IE,2014-01,49.31,
ESTAT:APRO_MT_PWGTM(1.0),29/04/22 23:00:00,M,B1200,SL,THS_T,IE,2014-02,45.14,
ESTAT:APRO_MT_PWGTM(1.0),29/04/22 23:00:00,M,B1200,SL,THS_T,IE,2014-03,48.20,
ESTAT:APRO_MT_PWGTM(1.0),29/04/22 23:00:00,M,B1200,SL,THS_T,IE,2014-04,49.13,
ESTAT:APRO_MT_PWGTM(1.0),29/04/22 23:00:00,M,B1200,SL,THS_T,IE,2014-05,48.69,
ESTAT:APRO_MT_PWGTM(1.0),29/04/22 23:00:00,M,B1200,SL,THS_T,IE,2014-06,46.12,
ESTAT:APRO_MT_PWGTM(1.0),29/04/22 23:00:00,M,B1200,SL,THS_T,IE,2014-07,45.74,
ESTAT:APRO_MT_PWGTM(1.0),29/04/22 23:00:00,M,B1200,SL,THS_T,IE,2014-08,46.26,
ESTAT:APRO_MT_PWGTM(1.0),29/04/22 23:00:00,M,B1200,SL,THS_T,IE,2014-09,53.53,
ESTAT:APRO_MT_PWGTM(1.0),29/04/22 23:00:00,M,B1200,SL,THS_T,IE,2014-10,53.89,
ESTAT:APRO_MT_PWGTM(1.0),29/04/22 23:00:00,M,B1200,SL,THS_T,IE,2014-11,48.11,
ESTAT:APRO_MT_PWGTM(1.0),29/04/22 23:00:00,M,B1200,SL,THS_T,IE,2014-12,46.53,
ESTAT:APRO_MT_PWGTM(1.0),29/04/22 23:00:00,M,B1200,SL,THS_T,IE,2015-01,47.16,
ESTAT:APRO_MT_PWGTM(1.0),29/04/22 23:00:00,M,B1200,SL,THS_T,IE,2015-02,45.20,
ESTAT:APRO_MT_PWGTM(1.0),29/04/22 23:00:00,M,B1200,SL,THS_T,IE,2015-03,48.64,
ESTAT:APRO_MT_PWGTM(1.0),29/04/22 23:00:00,M,B1200,SL,THS_T,IE,2015-04,45.50,
ESTAT:APRO_MT_PWGTM(1.0),29/04/22 23:00:00,M,B1200,SL,THS_T,IE,2015-05,43.00,
ESTAT:APRO_MT_PWGTM(1.0),29/04/22 23:00:00,M,B1200,SL,THS_T,IE,2015-06,44.42,
ESTAT:APRO_MT_PWGTM(1.0),29/04/22 23:00:00,M,B1200,SL,THS_T,IE,2015-07,49.04,
ESTAT:APRO_MT_PWGTM(1.0),29/04/22 23:00:00,M,B1200,SL,THS_T,IE,2015-08,45.47,
ESTAT:APRO_MT_PWGTM(1.0),29/04/22 23:00:00,M,B1200,SL,THS_T,IE,2015-09,50.23,
ESTAT:APRO_MT_PWGTM(1.0),29/04/22 23:00:00,M,B1200,SL,THS_T,IE,2015-10,48.81,
ESTAT:APRO_MT_PWGTM(1.0),29/04/22 23:00:00,M,B1200,SL,THS_T,IE,2015-11,50.14,
ESTAT:APRO_MT_PWGTM(1.0),29/04/22 23:00:00,M,B1200,SL,THS_T,IE,2015-12,45.64,
ESTAT:APRO_MT_PWGTM(1.0),29/04/22 23:00:00,M,B1200,SL,THS_T,IE,2016-01,47.44,
ESTAT:APRO_MT_PWGTM(1.0),29/04/22 23:00:00,M,B1200,SL,THS_T,IE,2016-02,50.63,
ESTAT:APRO_MT_PWGTM(1.0),29/04/22 23:00:00,M,B1200,SL,THS_T,IE,2016-03,48.84,
ESTAT:APRO_MT_PWGTM(1.0),29/04/22 23:00:00,M,B1200,SL,THS_T,IE,2016-04,45.03,
ESTAT:APRO_MT_PWGTM(1.0),29/04/22 23:00:00,M,B1200,SL,THS_T,IE,2016-05,44.88,
ESTAT:APRO_MT_PWGTM(1.0),29/04/22 23:00:00,M,B1200,SL,THS_T,IE,2016-06,46.63,
ESTAT:APRO_MT_PWGTM(1.0),29/04/22 23:00:00,M,B1200,SL,THS_T,IE,2016-07,45.72,
ESTAT:APRO_MT_PWGTM(1.0),29/04/22 23:00:00,M,B1200,SL,THS_T,IE,2016-08,50.47,
ESTAT:APRO_MT_PWGTM(1.0),29/04/22 23:00:00,M,B1200,SL,THS_T,IE,2016-09,54.98,
ESTAT:APRO_MT_PWGTM(1.0),29/04/22 23:00:00,M,B1200,SL,THS_T,IE,2016-10,50.94,
ESTAT:APRO_MT_PWGTM(1.0),29/04/22 23:00:00,M,B1200,SL,THS_T,IE,2016-11,54.97,
ESTAT:APRO_MT_PWGTM(1.0),29/04/22 23:00:00,M,B1200,SL,THS_T,IE,2016-12,46.87,
ESTAT:APRO_MT_PWGTM(1.0),29/04/22 23:00:00,M,B1200,SL,THS_T,IE,2017-01,49.91,
ESTAT:APRO_MT_PWGTM(1.0),29/04/22 23:00:00,M,B1200,SL,THS_T,IE,2017-02,48.79,
ESTAT:APRO_MT_PWGTM(1.0),29/04/22 23:00:00,M,B1200,SL,THS_T,IE,2017-03,50.47,
ESTAT:APRO_MT_PWGTM(1.0),29/04/22 23:00:00,M,B1200,SL,THS_T,IE,2017-04,43.03,
ESTAT:APRO_MT_PWGTM(1.0),29/04/22 23:00:00,M,B1200,SL,THS_T,IE,2017-05,51.04,
ESTAT:APRO_MT_PWGTM(1.0),29/04/22 23:00:00,M,B1200,SL,THS_T,IE,2017-06,51.96,
ESTAT:APRO_MT_PWGTM(1.0),29/04/22 23:00:00,M,B1200,SL,THS_T,IE,2017-07,48.17,
ESTAT:APRO_MT_PWGTM(1.0),29/04/22 23:00:00,M,B1200,SL,THS_T,IE,2017-08,55.18,
ESTAT:APRO_MT_PWGTM(1.0),29/04/22 23:00:00,M,B1200,SL,THS_T,IE,2017-09,54.46,
ESTAT:APRO_MT_PWGTM(1.0),29/04/22 23:00:00,M,B1200,SL,THS_T,IE,2017-10,55.56,
ESTAT:APRO_MT_PWGTM(1.0),29/04/22 23:00:00,M,B1200,SL,THS_T,IE,2017-11,59.90,
ESTAT:APRO_MT_PWGTM(1.0),29/04/22 23:00:00,M,B1200,SL,THS_T,IE,2017-12,46.90,
ESTAT:APRO_MT_PWGTM(1.0),29/04/22 23:00:00,M,B1200,SL,THS_T,IE,2018-01,52.85,
ESTAT:APRO_MT_PWGTM(1.0),29/04/22 23:00:00,M,B1200,SL,THS_T,IE,2018-02,48.29,
ESTAT:APRO_MT_PWGTM(1.0),29/04/22 23:00:00,M,B1200,SL,THS_T,IE,2018-03,47.89,
ESTAT:APRO_MT_PWGTM(1.0),29/04/22 23:00:00,M,B1200,SL,THS_T,IE,2018-04,48.01,
ESTAT:APRO_MT_PWGTM(1.0),29/04/22 23:00:00,M,B1200,SL,THS_T,IE,2018-05,49.55,
ESTAT:APRO_MT_PWGTM(1.0),29/04/22 23:00:00,M,B1200,SL,THS_T,IE,2018-06,49.05,
ESTAT:APRO_MT_PWGTM(1.0),29/04/22 23:00:00,M,B1200,SL,THS_T,IE,2018-07,53.47,
ESTAT:APRO_MT_PWGTM(1.0),29/04/22 23:00:00,M,B1200,SL,THS_T,IE,2018-08,53.81,
ESTAT:APRO_MT_PWGTM(1.0),29/04/22 23:00:00,M,B1200,SL,THS_T,IE,2018-09,53.29,
ESTAT:APRO_MT_PWGTM(1.0),29/04/22 23:00:00,M,B1200,SL,THS_T,IE,2018-10,59.26,
ESTAT:APRO_MT_PWGTM(1.0),29/04/22 23:00:00,M,B1200,SL,THS_T,IE,2018-11,60.99,
ESTAT:APRO_MT_PWGTM(1.0),29/04/22 23:00:00,M,B1200,SL,THS_T,IE,2018-12,44.01,
ESTAT:APRO_MT_PWGTM(1.0),29/04/22 23:00:00,M,B1200,SL,THS_T,IE,2019-01,57.10,
ESTAT:APRO_MT_PWGTM(1.0),29/04/22 23:00:00,M,B1200,SL,THS_T,IE,2019-02,51.25,
ESTAT:APRO_MT_PWGTM(1.0),29/04/22 23:00:00,M,B1200,SL,THS_T,IE,2019-03,50.75,
ESTAT:APRO_MT_PWGTM(1.0),29/04/22 23:00:00,M,B1200,SL,THS_T,IE,2019-04,51.38,
ESTAT:APRO_MT_PWGTM(1.0),29/04/22 23:00:00,M,B1200,SL,THS_T,IE,2019-05,52.86,
ESTAT:APRO_MT_PWGTM(1.0),29/04/22 23:00:00,M,B1200,SL,THS_T,IE,2019-06,48.48,
ESTAT:APRO_MT_PWGTM(1.0),29/04/22 23:00:00,M,B1200,SL,THS_T,IE,2019-07,55.90,
ESTAT:APRO_MT_PWGTM(1.0),29/04/22 23:00:00,M,B1200,SL,THS_T,IE,2019-08,45.94,
ESTAT:APRO_MT_PWGTM(1.0),29/04/22 23:00:00,M,B1200,SL,THS_T,IE,2019-09,32.94,
ESTAT:APRO_MT_PWGTM(1.0),29/04/22 23:00:00,M,B1200,SL,THS_T,IE,2019-10,61.78,
ESTAT:APRO_MT_PWGTM(1.0),29/04/22 23:00:00,M,B1200,SL,THS_T,IE,2019-11,59.84,
ESTAT:APRO_MT_PWGTM(1.0),29/04/22 23:00:00,M,B1200,SL,THS_T,IE,2019-12,48.20,
ESTAT:APRO_MT_PWGTM(1.0),29/04/22 23:00:00,M,B1200,SL,THS_T,IE,2020-01,56.06,
ESTAT:APRO_MT_PWGTM(1.0),29/04/22 23:00:00,M,B1200,SL,THS_T,IE,2020-02,52.44,
ESTAT:APRO_MT_PWGTM(1.0),29/04/22 23:00:00,M,B1200,SL,THS_T,IE,2020-03,54.16,
ESTAT:APRO_MT_PWGTM(1.0),29/04/22 23:00:00,M,B1200,SL,THS_T,IE,2020-04,40.56,
ESTAT:APRO_MT_PWGTM(1.0),29/04/22 23:00:00,M,B1200,SL,THS_T,IE,2020-05,42.92,
ESTAT:APRO_MT_PWGTM(1.0),29/04/22 23:00:00,M,B1200,SL,THS_T,IE,2020-06,56.59,
ESTAT:APRO_MT_PWGTM(1.0),29/04/22 23:00:00,M,B1200,SL,THS_T,IE,2020-07,58.35,
ESTAT:APRO_MT_PWGTM(1.0),29/04/22 23:00:00,M,B1200,SL,THS_T,IE,2020-08,52.29,
ESTAT:APRO_MT_PWGTM(1.0),29/04/22 23:00:00,M,B1200,SL,THS_T,IE,2020-09,55.60,
ESTAT:APRO_MT_PWGTM(1.0),29/04/22 23:00:00,M,B1200,SL,THS_T,IE,2020-10,57.54,
ESTAT:APRO_MT_PWGTM(1.0),29/04/22 23:00:00,M,B1200,SL,THS_T,IE,2020-11,55.84,
ESTAT:APRO_MT_PWGTM(1.0),29/04/22 23:00:00,M,B1200,SL,THS_T,IE,2020-12,48.34,
ESTAT:APRO_MT_PWGTM(1.0),29/04/22 23:00:00,M,B1200,SL,THS_T,IE,2021-01,44.68,
ESTAT:APRO_MT_PWGTM(1.0),29/04/22 23:00:00,M,B1200,SL,THS_T,IE,2021-02,42.63,
ESTAT:APRO_MT_PWGTM(1.0),29/04/22 23:00:00,M,B1200,SL,THS_T,IE,2021-03,50.32,
ESTAT:APRO_MT_PWGTM(1.0),29/04/22 23:00:00,M,B1200,SL,THS_T,IE,2021-04,45.16,
ESTAT:APRO_MT_PWGTM(1.0),29/04/22 23:00:00,M,B1200,SL,THS_T,IE,2021-05,46.20,
ESTAT:APRO_MT_PWGTM(1.0),29/04/22 23:00:00,M,B1200,SL,THS_T,IE,2021-06,46.74,
ESTAT:APRO_MT_PWGTM(1.0),29/04/22 23:00:00,M,B1200,SL,THS_T,IE,2021-07,52.04,
ESTAT:APRO_MT_PWGTM(1.0),29/04/22 23:00:00,M,B1200,SL,THS_T,IE,2021-08,53.31,
ESTAT:APRO_MT_PWGTM(1.0),29/04/22 23:00:00,M,B1200,SL,THS_T,IE,2021-09,55.66,
ESTAT:APRO_MT_PWGTM(1.0),29/04/22 23:00:00,M,B1200,SL,THS_T,IE,2021-10,53.45,
ESTAT:APRO_MT_PWGTM(1.0),29/04/22 23:00:00,M,B1200,SL,THS_T,IE,2021-11,56.10,
ESTAT:APRO_MT_PWGTM(1.0),29/04/22 23:00:00,M,B1200,SL,THS_T,IE,2021-12,45.54,
ESTAT:APRO_MT_PWGTM(1.0),29/04/22 23:00:00,M,B1200,SL,THS_T,IE,2022-01,47.31,
ESTAT:APRO_MT_PWGTM(1.0),29/04/22 23:00:00,M,B1200,SL,THS_T,IE,2022-02,48.88,
ESTAT:APRO_MT_PWGTM(1.0),29/04/22 23:00:00,M,B1200,SL,THS_T,IE,2022-03,52.07,
ESTAT:APRO_MT_PWGTM(1.0),29/04/22 23:00:00,M,B1200,SL,THS_T,IT,1970-01,76.00,
ESTAT:APRO_MT_PWGTM(1.0),29/04/22 23:00:00,M,B1200,SL,THS_T,IT,1970-02,68.20,
ESTAT:APRO_MT_PWGTM(1.0),29/04/22 23:00:00,M,B1200,SL,THS_T,IT,1970-03,78.80,
ESTAT:APRO_MT_PWGTM(1.0),29/04/22 23:00:00,M,B1200,SL,THS_T,IT,1970-04,81.40,
ESTAT:APRO_MT_PWGTM(1.0),29/04/22 23:00:00,M,B1200,SL,THS_T,IT,1970-05,79.90,
ESTAT:APRO_MT_PWGTM(1.0),29/04/22 23:00:00,M,B1200,SL,THS_T,IT,1970-06,78.70,
ESTAT:APRO_MT_PWGTM(1.0),29/04/22 23:00:00,M,B1200,SL,THS_T,IT,1970-07,83.90,
ESTAT:APRO_MT_PWGTM(1.0),29/04/22 23:00:00,M,B1200,SL,THS_T,IT,1970-08,82.00,
ESTAT:APRO_MT_PWGTM(1.0),29/04/22 23:00:00,M,B1200,SL,THS_T,IT,1970-09,82.60,
ESTAT:APRO_MT_PWGTM(1.0),29/04/22 23:00:00,M,B1200,SL,THS_T,IT,1970-10,81.00,
ESTAT:APRO_MT_PWGTM(1.0),29/04/22 23:00:00,M,B1200,SL,THS_T,IT,1970-11,74.60,
ESTAT:APRO_MT_PWGTM(1.0),29/04/22 23:00:00,M,B1200,SL,THS_T,IT,1970-12,86.90,
ESTAT:APRO_MT_PWGTM(1.0),29/04/22 23:00:00,M,B1200,SL,THS_T,IT,1971-01,74.50,
ESTAT:APRO_MT_PWGTM(1.0),29/04/22 23:00:00,M,B1200,SL,THS_T,IT,1971-02,70.60,
ESTAT:APRO_MT_PWGTM(1.0),29/04/22 23:00:00,M,B1200,SL,THS_T,IT,1971-03,85.30,
ESTAT:APRO_MT_PWGTM(1.0),29/04/22 23:00:00,M,B1200,SL,THS_T,IT,1971-04,78.40,
ESTAT:APRO_MT_PWGTM(1.0),29/04/22 23:00:00,M,B1200,SL,THS_T,IT,1971-05,83.60,
ESTAT:APRO_MT_PWGTM(1.0),29/04/22 23:00:00,M,B1200,SL,THS_T,IT,1971-06,82.30,
ESTAT:APRO_MT_PWGTM(1.0),29/04/22 23:00:00,M,B1200,SL,THS_T,IT,1971-07,80.40,
ESTAT:APRO_MT_PWGTM(1.0),29/04/22 23:00:00,M,B1200,SL,THS_T,IT,1971-08,84.80,
ESTAT:APRO_MT_PWGTM(1.0),29/04/22 23:00:00,M,B1200,SL,THS_T,IT,1971-09,82.80,
ESTAT:APRO_MT_PWGTM(1.0),29/04/22 23:00:00,M,B1200,SL,THS_T,IT,1971-10,78.30,
ESTAT:APRO_MT_PWGTM(1.0),29/04/22 23:00:00,M,B1200,SL,THS_T,IT,1971-11,78.30,
ESTAT:APRO_MT_PWGTM(1.0),29/04/22 23:00:00,M,B1200,SL,THS_T,IT,1971-12,84.70,
ESTAT:APRO_MT_PWGTM(1.0),29/04/22 23:00:00,M,B1200,SL,THS_T,IT,1972-01,81.00,
ESTAT:APRO_MT_PWGTM(1.0),29/04/22 23:00:00,M,B1200,SL,THS_T,IT,1972-02,78.60,
ESTAT:APRO_MT_PWGTM(1.0),29/04/22 23:00:00,M,B1200,SL,THS_T,IT,1972-03,87.60,
ESTAT:APRO_MT_PWGTM(1.0),29/04/22 23:00:00,M,B1200,SL,THS_T,IT,1972-04,80.00,
ESTAT:APRO_MT_PWGTM(1.0),29/04/22 23:00:00,M,B1200,SL,THS_T,IT,1972-05,92.20,
ESTAT:APRO_MT_PWGTM(1.0),29/04/22 23:00:00,M,B1200,SL,THS_T,IT,1972-06,78.40,
ESTAT:APRO_MT_PWGTM(1.0),29/04/22 23:00:00,M,B1200,SL,THS_T,IT,1972-07,78.40,
ESTAT:APRO_MT_PWGTM(1.0),29/04/22 23:00:00,M,B1200,SL,THS_T,IT,1972-08,84.70,
ESTAT:APRO_MT_PWGTM(1.0),29/04/22 23:00:00,M,B1200,SL,THS_T,IT,1972-09,71.70,
ESTAT:APRO_MT_PWGTM(1.0),29/04/22 23:00:00,M,B1200,SL,THS_T,IT,1972-10,74.10,
ESTAT:APRO_MT_PWGTM(1.0),29/04/22 23:00:00,M,B1200,SL,THS_T,IT,1972-11,67.90,
ESTAT:APRO_MT_PWGTM(1.0),29/04/22 23:00:00,M,B1200,SL,THS_T,IT,1972-12,73.40,
ESTAT:APRO_MT_PWGTM(1.0),29/04/22 23:00:00,M,B1200,SL,THS_T,IT,1973-01,77.50,
ESTAT:APRO_MT_PWGTM(1.0),29/04/22 23:00:00,M,B1200,SL,THS_T,IT,1973-02,69.20,
ESTAT:APRO_MT_PWGTM(1.0),29/04/22 23:00:00,M,B1200,SL,THS_T,IT,1973-03,76.30,
ESTAT:APRO_MT_PWGTM(1.0),29/04/22 23:00:00,M,B1200,SL,THS_T,IT,1973-04,77.80,
ESTAT:APRO_MT_PWGTM(1.0),29/04/22 23:00:00,M,B1200,SL,THS_T,IT,1973-05,79.50,
ESTAT:APRO_MT_PWGTM(1.0),29/04/22 23:00:00,M,B1200,SL,THS_T,IT,1973-06,78.00,
ESTAT:APRO_MT_PWGTM(1.0),29/04/22 23:00:00,M,B1200,SL,THS_T,IT,1973-07,81.30,
ESTAT:APRO_MT_PWGTM(1.0),29/04/22 23:00:00,M,B1200,SL,THS_T,IT,1973-08,88.40,
ESTAT:APRO_MT_PWGTM(1.0),29/04/22 23:00:00,M,B1200,SL,THS_T,IT,1973-09,82.40,
ESTAT:APRO_MT_PWGTM(1.0),29/04/22 23:00:00,M,B1200,SL,THS_T,IT,1973-10,87.80,
ESTAT:APRO_MT_PWGTM(1.0),29/04/22 23:00:00,M,B1200,SL,THS_T,IT,1973-11,80.20,
ESTAT:APRO_MT_PWGTM(1.0),29/04/22 23:00:00,M,B1200,SL,THS_T,IT,1973-12,82.80,
ESTAT:APRO_MT_PWGTM(1.0),29/04/22 23:00:00,M,B1200,SL,THS_T,IT,1974-01,74.70,
ESTAT:APRO_MT_PWGTM(1.0),29/04/22 23:00:00,M,B1200,SL,THS_T,IT,1974-02,72.60,
ESTAT:APRO_MT_PWGTM(1.0),29/04/22 23:00:00,M,B1200,SL,THS_T,IT,1974-03,78.00,
ESTAT:APRO_MT_PWGTM(1.0),29/04/22 23:00:00,M,B1200,SL,THS_T,IT,1974-04,82.50,
ESTAT:APRO_MT_PWGTM(1.0),29/04/22 23:00:00,M,B1200,SL,THS_T,IT,1974-05,84.60,
ESTAT:APRO_MT_PWGTM(1.0),29/04/22 23:00:00,M,B1200,SL,THS_T,IT,1974-06,79.30,
ESTAT:APRO_MT_PWGTM(1.0),29/04/22 23:00:00,M,B1200,SL,THS_T,IT,1974-07,81.90,
ESTAT:APRO_MT_PWGTM(1.0),29/04/22 23:00:00,M,B1200,SL,THS_T,IT,1974-08,77.80,
ESTAT:APRO_MT_PWGTM(1.0),29/04/22 23:00:00,M,B1200,SL,THS_T,IT,1974-09,73.20,
ESTAT:APRO_MT_PWGTM(1.0),29/04/22 23:00:00,M,B1200,SL,THS_T,IT,1974-10,83.50,
ESTAT:APRO_MT_PWGTM(1.0),29/04/22 23:00:00,M,B1200,SL,THS_T,IT,1974-11,71.20,
ESTAT:APRO_MT_PWGTM(1.0),29/04/22 23:00:00,M,B1200,SL,THS_T,IT,1974-12,80.90,
ESTAT:APRO_MT_PWGTM(1.0),29/04/22 23:00:00,M,B1200,SL,THS_T,IT,1975-01,70.12,
ESTAT:APRO_MT_PWGTM(1.0),29/04/22 23:00:00,M,B1200,SL,THS_T,IT,1975-02,62.25,
ESTAT:APRO_MT_PWGTM(1.0),29/04/22 23:00:00,M,B1200,SL,THS_T,IT,1975-03,66.20,
ESTAT:APRO_MT_PWGTM(1.0),29/04/22 23:00:00,M,B1200,SL,THS_T,IT,1975-04,68.10,
ESTAT:APRO_MT_PWGTM(1.0),29/04/22 23:00:00,M,B1200,SL,THS_T,IT,1975-05,70.81,
ESTAT:APRO_MT_PWGTM(1.0),29/04/22 23:00:00,M,B1200,SL,THS_T,IT,1975-06,71.20,
ESTAT:APRO_MT_PWGTM(1.0),29/04/22 23:00:00,M,B1200,SL,THS_T,IT,1975-07,74.70,
ESTAT:APRO_MT_PWGTM(1.0),29/04/22 23:00:00,M,B1200,SL,THS_T,IT,1975-08,75.68,
ESTAT:APRO_MT_PWGTM(1.0),29/04/22 23:00:00,M,B1200,SL,THS_T,IT,1975-09,71.97,
ESTAT:APRO_MT_PWGTM(1.0),29/04/22 23:00:00,M,B1200,SL,THS_T,IT,1975-10,72.49,
ESTAT:APRO_MT_PWGTM(1.0),29/04/22 23:00:00,M,B1200,SL,THS_T,IT,1975-11,63.59,
ESTAT:APRO_MT_PWGTM(1.0),29/04/22 23:00:00,M,B1200,SL,THS_T,IT,1975-12,75.58,
ESTAT:APRO_MT_PWGTM(1.0),29/04/22 23:00:00,M,B1200,SL,THS_T,IT,1976-01,70.02,
ESTAT:APRO_MT_PWGTM(1.0),29/04/22 23:00:00,M,B1200,SL,THS_T,IT,1976-02,66.31,
ESTAT:APRO_MT_PWGTM(1.0),29/04/22 23:00:00,M,B1200,SL,THS_T,IT,1976-03,71.23,
ESTAT:APRO_MT_PWGTM(1.0),29/04/22 23:00:00,M,B1200,SL,THS_T,IT,1976-04,68.74,
ESTAT:APRO_MT_PWGTM(1.0),29/04/22 23:00:00,M,B1200,SL,THS_T,IT,1976-05,76.01,
ESTAT:APRO_MT_PWGTM(1.0),29/04/22 23:00:00,M,B1200,SL,THS_T,IT,1976-06,74.46,
ESTAT:APRO_MT_PWGTM(1.0),29/04/22 23:00:00,M,B1200,SL,THS_T,IT,1976-07,79.88,
ESTAT:APRO_MT_PWGTM(1.0),29/04/22 23:00:00,M,B1200,SL,THS_T,IT,1976-08,83.20,
ESTAT:APRO_MT_PWGTM(1.0),29/04/22 23:00:00,M,B1200,SL,THS_T,IT,1976-09,75.24,
ESTAT:APRO_MT_PWGTM(1.0),29/04/22 23:00:00,M,B1200,SL,THS_T,IT,1976-10,71.41,
ESTAT:APRO_MT_PWGTM(1.0),29/04/22 23:00:00,M,B1200,SL,THS_T,IT,1976-11,70.23,
ESTAT:APRO_MT_PWGTM(1.0),29/04/22 23:00:00,M,B1200,SL,THS_T,IT,1976-12,75.25,
ESTAT:APRO_MT_PWGTM(1.0),29/04/22 23:00:00,M,B1200,SL,THS_T,IT,1977-01,68.66,
ESTAT:APRO_MT_PWGTM(1.0),29/04/22 23:00:00,M,B1200,SL,THS_T,IT,1977-02,60.70,
ESTAT:APRO_MT_PWGTM(1.0),29/04/22 23:00:00,M,B1200,SL,THS_T,IT,1977-03,73.31,
ESTAT:APRO_MT_PWGTM(1.0),29/04/22 23:00:00,M,B1200,SL,THS_T,IT,1977-04,73.44,
ESTAT:APRO_MT_PWGTM(1.0),29/04/22 23:00:00,M,B1200,SL,THS_T,IT,1977-05,78.23,
ESTAT:APRO_MT_PWGTM(1.0),29/04/22 23:00:00,M,B1200,SL,THS_T,IT,1977-06,81.39,
ESTAT:APRO_MT_PWGTM(1.0),29/04/22 23:00:00,M,B1200,SL,THS_T,IT,1977-07,81.42,
ESTAT:APRO_MT_PWGTM(1.0),29/04/22 23:00:00,M,B1200,SL,THS_T,IT,1977-08,88.75,
ESTAT:APRO_MT_PWGTM(1.0),29/04/22 23:00:00,M,B1200,SL,THS_T,IT,1977-09,76.78,
ESTAT:APRO_MT_PWGTM(1.0),29/04/22 23:00:00,M,B1200,SL,THS_T,IT,1977-10,71.30,
ESTAT:APRO_MT_PWGTM(1.0),29/04/22 23:00:00,M,B1200,SL,THS_T,IT,1977-11,70.64,
ESTAT:APRO_MT_PWGTM(1.0),29/04/22 23:00:00,M,B1200,SL,THS_T,IT,1977-12,76.89,
ESTAT:APRO_MT_PWGTM(1.0),29/04/22 23:00:00,M,B1200,SL,THS_T,IT,1978-01,68.41,
ESTAT:APRO_MT_PWGTM(1.0),29/04/22 23:00:00,M,B1200,SL,THS_T,IT,1978-02,61.67,
ESTAT:APRO_MT_PWGTM(1.0),29/04/22 23:00:00,M,B1200,SL,THS_T,IT,1978-03,70.18,
ESTAT:APRO_MT_PWGTM(1.0),29/04/22 23:00:00,M,B1200,SL,THS_T,IT,1978-04,68.22,
ESTAT:APRO_MT_PWGTM(1.0),29/04/22 23:00:00,M,B1200,SL,THS_T,IT,1978-05,75.37,
ESTAT:APRO_MT_PWGTM(1.0),29/04/22 23:00:00,M,B1200,SL,THS_T,IT,1978-06,71.11,
ESTAT:APRO_MT_PWGTM(1.0),29/04/22 23:00:00,M,B1200,SL,THS_T,IT,1978-07,77.36,
ESTAT:APRO_MT_PWGTM(1.0),29/04/22 23:00:00,M,B1200,SL,THS_T,IT,1978-08,83.64,
ESTAT:APRO_MT_PWGTM(1.0),29/04/22 23:00:00,M,B1200,SL,THS_T,IT,1978-09,73.16,
ESTAT:APRO_MT_PWGTM(1.0),29/04/22 23:00:00,M,B1200,SL,THS_T,IT,1978-10,71.74,
ESTAT:APRO_MT_PWGTM(1.0),29/04/22 23:00:00,M,B1200,SL,THS_T,IT,1978-11,71.27,
ESTAT:APRO_MT_PWGTM(1.0),29/04/22 23:00:00,M,B1200,SL,THS_T,IT,1978-12,76.69,
ESTAT:APRO_MT_PWGTM(1.0),29/04/22 23:00:00,M,B1200,SL,THS_T,IT,1979-01,76.97,
ESTAT:APRO_MT_PWGTM(1.0),29/04/22 23:00:00,M,B1200,SL,THS_T,IT,1979-02,66.86,
ESTAT:APRO_MT_PWGTM(1.0),29/04/22 23:00:00,M,B1200,SL,THS_T,IT,1979-03,72.05,
ESTAT:APRO_MT_PWGTM(1.0),29/04/22 23:00:00,M,B1200,SL,THS_T,IT,1979-04,74.00,
ESTAT:APRO_MT_PWGTM(1.0),29/04/22 23:00:00,M,B1200,SL,THS_T,IT,1979-05,76.24,
ESTAT:APRO_MT_PWGTM(1.0),29/04/22 23:00:00,M,B1200,SL,THS_T,IT,1979-06,76.86,
ESTAT:APRO_MT_PWGTM(1.0),29/04/22 23:00:00,M,B1200,SL,THS_T,IT,1979-07,82.29,
ESTAT:APRO_MT_PWGTM(1.0),29/04/22 23:00:00,M,B1200,SL,THS_T,IT,1979-08,86.96,
ESTAT:APRO_MT_PWGTM(1.0),29/04/22 23:00:00,M,B1200,SL,THS_T,IT,1979-09,78.36,
ESTAT:APRO_MT_PWGTM(1.0),29/04/22 23:00:00,M,B1200,SL,THS_T,IT,1979-10,81.51,
ESTAT:APRO_MT_PWGTM(1.0),29/04/22 23:00:00,M,B1200,SL,THS_T,IT,1979-11,79.72,
ESTAT:APRO_MT_PWGTM(1.0),29/04/22 23:00:00,M,B1200,SL,THS_T,IT,1979-12,83.22,
ESTAT:APRO_MT_PWGTM(1.0),29/04/22 23:00:00,M,B1200,SL,THS_T,IT,1980-01,84.69,
ESTAT:APRO_MT_PWGTM(1.0),29/04/22 23:00:00,M,B1200,SL,THS_T,IT,1980-02,75.37,
ESTAT:APRO_MT_PWGTM(1.0),29/04/22 23:00:00,M,B1200,SL,THS_T,IT,1980-03,81.61,
ESTAT:APRO_MT_PWGTM(1.0),29/04/22 23:00:00,M,B1200,SL,THS_T,IT,1980-04,81.19,
ESTAT:APRO_MT_PWGTM(1.0),29/04/22 23:00:00,M,B1200,SL,THS_T,IT,1980-05,82.21,
ESTAT:APRO_MT_PWGTM(1.0),29/04/22 23:00:00,M,B1200,SL,THS_T,IT,1980-06,76.46,
ESTAT:APRO_MT_PWGTM(1.0),29/04/22 23:00:00,M,B1200,SL,THS_T,IT,1980-07,85.29,
ESTAT:APRO_MT_PWGTM(1.0),29/04/22 23:00:00,M,B1200,SL,THS_T,IT,1980-08,80.09,
ESTAT:APRO_MT_PWGTM(1.0),29/04/22 23:00:00,M,B1200,SL,THS_T,IT,1980-09,90.47,
ESTAT:APRO_MT_PWGTM(1.0),29/04/22 23:00:00,M,B1200,SL,THS_T,IT,1980-10,83.89,
ESTAT:APRO_MT_PWGTM(1.0),29/04/22 23:00:00,M,B1200,SL,THS_T,IT,1980-11,74.93,
ESTAT:APRO_MT_PWGTM(1.0),29/04/22 23:00:00,M,B1200,SL,THS_T,IT,1980-12,85.80,
ESTAT:APRO_MT_PWGTM(1.0),29/04/22 23:00:00,M,B1200,SL,THS_T,IT,1981-01,76.70,
ESTAT:APRO_MT_PWGTM(1.0),29/04/22 23:00:00,M,B1200,SL,THS_T,IT,1981-02,71.47,
ESTAT:APRO_MT_PWGTM(1.0),29/04/22 23:00:00,M,B1200,SL,THS_T,IT,1981-03,76.35,
ESTAT:APRO_MT_PWGTM(1.0),29/04/22 23:00:00,M,B1200,SL,THS_T,IT,1981-04,83.06,
ESTAT:APRO_MT_PWGTM(1.0),29/04/22 23:00:00,M,B1200,SL,THS_T,IT,1981-05,82.04,
ESTAT:APRO_MT_PWGTM(1.0),29/04/22 23:00:00,M,B1200,SL,THS_T,IT,1981-06,81.27,
ESTAT:APRO_MT_PWGTM(1.0),29/04/22 23:00:00,M,B1200,SL,THS_T,IT,1981-07,81.85,
ESTAT:APRO_MT_PWGTM(1.0),29/04/22 23:00:00,M,B1200,SL,THS_T,IT,1981-08,83.25,
ESTAT:APRO_MT_PWGTM(1.0),29/04/22 23:00:00,M,B1200,SL,THS_T,IT,1981-09,83.77,
ESTAT:APRO_MT_PWGTM(1.0),29/04/22 23:00:00,M,B1200,SL,THS_T,IT,1981-10,75.00,
ESTAT:APRO_MT_PWGTM(1.0),29/04/22 23:00:00,M,B1200,SL,THS_T,IT,1981-11,73.24,
ESTAT:APRO_MT_PWGTM(1.0),29/04/22 23:00:00,M,B1200,SL,THS_T,IT,1981-12,83.15,
ESTAT:APRO_MT_PWGTM(1.0),29/04/22 23:00:00,M,B1200,SL,THS_T,IT,1982-01,71.91,
ESTAT:APRO_MT_PWGTM(1.0),29/04/22 23:00:00,M,B1200,SL,THS_T,IT,1982-02,66.54,
ESTAT:APRO_MT_PWGTM(1.0),29/04/22 23:00:00,M,B1200,SL,THS_T,IT,1982-03,77.63,
ESTAT:APRO_MT_PWGTM(1.0),29/04/22 23:00:00,M,B1200,SL,THS_T,IT,1982-04,75.56,
ESTAT:APRO_MT_PWGTM(1.0),29/04/22 23:00:00,M,B1200,SL,THS_T,IT,1982-05,77.99,
ESTAT:APRO_MT_PWGTM(1.0),29/04/22 23:00:00,M,B1200,SL,THS_T,IT,1982-06,80.66,
ESTAT:APRO_MT_PWGTM(1.0),29/04/22 23:00:00,M,B1200,SL,THS_T,IT,1982-07,85.94,
ESTAT:APRO_MT_PWGTM(1.0),29/04/22 23:00:00,M,B1200,SL,THS_T,IT,1982-08,89.49,
ESTAT:APRO_MT_PWGTM(1.0),29/04/22 23:00:00,M,B1200,SL,THS_T,IT,1982-09,86.59,
ESTAT:APRO_MT_PWGTM(1.0),29/04/22 23:00:00,M,B1200,SL,THS_T,IT,1982-10,77.13,
ESTAT:APRO_MT_PWGTM(1.0),29/04/22 23:00:00,M,B1200,SL,THS_T,IT,1982-11,76.34,
ESTAT:APRO_MT_PWGTM(1.0),29/04/22 23:00:00,M,B1200,SL,THS_T,IT,1982-12,84.60,
ESTAT:APRO_MT_PWGTM(1.0),29/04/22 23:00:00,M,B1200,SL,THS_T,IT,1983-01,75.38,
ESTAT:APRO_MT_PWGTM(1.0),29/04/22 23:00:00,M,B1200,SL,THS_T,IT,1983-02,69.40,
ESTAT:APRO_MT_PWGTM(1.0),29/04/22 23:00:00,M,B1200,SL,THS_T,IT,1983-03,81.35,
ESTAT:APRO_MT_PWGTM(1.0),29/04/22 23:00:00,M,B1200,SL,THS_T,IT,1983-04,77.53,
ESTAT:APRO_MT_PWGTM(1.0),29/04/22 23:00:00,M,B1200,SL,THS_T,IT,1983-05,84.19,
ESTAT:APRO_MT_PWGTM(1.0),29/04/22 23:00:00,M,B1200,SL,THS_T,IT,1983-06,89.64,
ESTAT:APRO_MT_PWGTM(1.0),29/04/22 23:00:00,M,B1200,SL,THS_T,IT,1983-07,78.28,
ESTAT:APRO_MT_PWGTM(1.0),29/04/22 23:00:00,M,B1200,SL,THS_T,IT,1983-08,87.48,
ESTAT:APRO_MT_PWGTM(1.0),29/04/22 23:00:00,M,B1200,SL,THS_T,IT,1983-09,93.81,
ESTAT:APRO_MT_PWGTM(1.0),29/04/22 23:00:00,M,B1200,SL,THS_T,IT,1983-10,87.17,
ESTAT:APRO_MT_PWGTM(1.0),29/04/22 23:00:00,M,B1200,SL,THS_T,IT,1983-11,78.43,
ESTAT:APRO_MT_PWGTM(1.0),29/04/22 23:00:00,M,B1200,SL,THS_T,IT,1983-12,84.31,
ESTAT:APRO_MT_PWGTM(1.0),29/04/22 23:00:00,M,B1200,SL,THS_T,IT,1984-01,75.19,
ESTAT:APRO_MT_PWGTM(1.0),29/04/22 23:00:00,M,B1200,SL,THS_T,IT,1984-02,71.96,
ESTAT:APRO_MT_PWGTM(1.0),29/04/22 23:00:00,M,B1200,SL,THS_T,IT,1984-03,76.98,
ESTAT:APRO_MT_PWGTM(1.0),29/04/22 23:00:00,M,B1200,SL,THS_T,IT,1984-04,80.78,
ESTAT:APRO_MT_PWGTM(1.0),29/04/22 23:00:00,M,B1200,SL,THS_T,IT,1984-05,85.01,
ESTAT:APRO_MT_PWGTM(1.0),29/04/22 23:00:00,M,B1200,SL,THS_T,IT,1984-06,76.07,
ESTAT:APRO_MT_PWGTM(1.0),29/04/22 23:00:00,M,B1200,SL,THS_T,IT,1984-07,78.35,
ESTAT:APRO_MT_PWGTM(1.0),29/04/22 23:00:00,M,B1200,SL,THS_T,IT,1984-08,92.43,
ESTAT:APRO_MT_PWGTM(1.0),29/04/22 23:00:00,M,B1200,SL,THS_T,IT,1984-09,98.00,
ESTAT:APRO_MT_PWGTM(1.0),29/04/22 23:00:00,M,B1200,SL,THS_T,IT,1984-10,98.46,
ESTAT:APRO_MT_PWGTM(1.0),29/04/22 23:00:00,M,B1200,SL,THS_T,IT,1984-11,86.03,
ESTAT:APRO_MT_PWGTM(1.0),29/04/22 23:00:00,M,B1200,SL,THS_T,IT,1984-12,82.20,
ESTAT:APRO_MT_PWGTM(1.0),29/04/22 23:00:00,M,B1200,SL,THS_T,IT,1985-01,78.15,
ESTAT:APRO_MT_PWGTM(1.0),29/04/22 23:00:00,M,B1200,SL,THS_T,IT,1985-02,72.33,
ESTAT:APRO_MT_PWGTM(1.0),29/04/22 23:00:00,M,B1200,SL,THS_T,IT,1985-03,76.52,
ESTAT:APRO_MT_PWGTM(1.0),29/04/22 23:00:00,M,B1200,SL,THS_T,IT,1985-04,82.53,
ESTAT:APRO_MT_PWGTM(1.0),29/04/22 23:00:00,M,B1200,SL,THS_T,IT,1985-05,88.53,
ESTAT:APRO_MT_PWGTM(1.0),29/04/22 23:00:00,M,B1200,SL,THS_T,IT,1985-06,81.45,
ESTAT:APRO_MT_PWGTM(1.0),29/04/22 23:00:00,M,B1200,SL,THS_T,IT,1985-07,84.87,
ESTAT:APRO_MT_PWGTM(1.0),29/04/22 23:00:00,M,B1200,SL,THS_T,IT,1985-08,83.15,
ESTAT:APRO_MT_PWGTM(1.0),29/04/22 23:00:00,M,B1200,SL,THS_T,IT,1985-09,89.07,
ESTAT:APRO_MT_PWGTM(1.0),29/04/22 23:00:00,M,B1200,SL,THS_T,IT,1985-10,102.06,
ESTAT:APRO_MT_PWGTM(1.0),29/04/22 23:00:00,M,B1200,SL,THS_T,IT,1985-11,81.36,
ESTAT:APRO_MT_PWGTM(1.0),29/04/22 23:00:00,M,B1200,SL,THS_T,IT,1985-12,86.10,
ESTAT:APRO_MT_PWGTM(1.0),29/04/22 23:00:00,M,B1200,SL,THS_T,IT,1986-01,83.24,
ESTAT:APRO_MT_PWGTM(1.0),29/04/22 23:00:00,M,B1200,SL,THS_T,IT,1986-02,72.18,
ESTAT:APRO_MT_PWGTM(1.0),29/04/22 23:00:00,M,B1200,SL,THS_T,IT,1986-03,76.24,
ESTAT:APRO_MT_PWGTM(1.0),29/04/22 23:00:00,M,B1200,SL,THS_T,IT,1986-04,82.00,
ESTAT:APRO_MT_PWGTM(1.0),29/04/22 23:00:00,M,B1200,SL,THS_T,IT,1986-05,84.76,
ESTAT:APRO_MT_PWGTM(1.0),29/04/22 23:00:00,M,B1200,SL,THS_T,IT,1986-06,80.14,
ESTAT:APRO_MT_PWGTM(1.0),29/04/22 23:00:00,M,B1200,SL,THS_T,IT,1986-07,80.17,
ESTAT:APRO_MT_PWGTM(1.0),29/04/22 23:00:00,M,B1200,SL,THS_T,IT,1986-08,76.39,
ESTAT:APRO_MT_PWGTM(1.0),29/04/22 23:00:00,M,B1200,SL,THS_T,IT,1986-09,86.81,
ESTAT:APRO_MT_PWGTM(1.0),29/04/22 23:00:00,M,B1200,SL,THS_T,IT,1986-10,90.73,
ESTAT:APRO_MT_PWGTM(1.0),29/04/22 23:00:00,M,B1200,SL,THS_T,IT,1986-11,80.48,
ESTAT:APRO_MT_PWGTM(1.0),29/04/22 23:00:00,M,B1200,SL,THS_T,IT,1986-12,89.69,
ESTAT:APRO_MT_PWGTM(1.0),29/04/22 23:00:00,M,B1200,SL,THS_T,IT,1987-01,82.47,
ESTAT:APRO_MT_PWGTM(1.0),29/04/22 23:00:00,M,B1200,SL,THS_T,IT,1987-02,72.59,
ESTAT:APRO_MT_PWGTM(1.0),29/04/22 23:00:00,M,B1200,SL,THS_T,IT,1987-03,78.04,
ESTAT:APRO_MT_PWGTM(1.0),29/04/22 23:00:00,M,B1200,SL,THS_T,IT,1987-04,77.15,
ESTAT:APRO_MT_PWGTM(1.0),29/04/22 23:00:00,M,B1200,SL,THS_T,IT,1987-05,83.33,
ESTAT:APRO_MT_PWGTM(1.0),29/04/22 23:00:00,M,B1200,SL,THS_T,IT,1987-06,77.69,
ESTAT:APRO_MT_PWGTM(1.0),29/04/22 23:00:00,M,B1200,SL,THS_T,IT,1987-07,73.84,
ESTAT:APRO_MT_PWGTM(1.0),29/04/22 23:00:00,M,B1200,SL,THS_T,IT,1987-08,76.43,
ESTAT:APRO_MT_PWGTM(1.0),29/04/22 23:00:00,M,B1200,SL,THS_T,IT,1987-09,83.12,
ESTAT:APRO_MT_PWGTM(1.0),29/04/22 23:00:00,M,B1200,SL,THS_T,IT,1987-10,84.75,
ESTAT:APRO_MT_PWGTM(1.0),29/04/22 23:00:00,M,B1200,SL,THS_T,IT,1987-11,84.22,
ESTAT:APRO_MT_PWGTM(1.0),29/04/22 23:00:00,M,B1200,SL,THS_T,IT,1987-12,91.99,
ESTAT:APRO_MT_PWGTM(1.0),29/04/22 23:00:00,M,B1200,SL,THS_T,IT,1988-01,79.06,
ESTAT:APRO_MT_PWGTM(1.0),29/04/22 23:00:00,M,B1200,SL,THS_T,IT,1988-02,77.43,
ESTAT:APRO_MT_PWGTM(1.0),29/04/22 23:00:00,M,B1200,SL,THS_T,IT,1988-03,81.03,
ESTAT:APRO_MT_PWGTM(1.0),29/04/22 23:00:00,M,B1200,SL,THS_T,IT,1988-04,78.44,
ESTAT:APRO_MT_PWGTM(1.0),29/04/22 23:00:00,M,B1200,SL,THS_T,IT,1988-05,84.12,
ESTAT:APRO_MT_PWGTM(1.0),29/04/22 23:00:00,M,B1200,SL,THS_T,IT,1988-06,80.58,
ESTAT:APRO_MT_PWGTM(1.0),29/04/22 23:00:00,M,B1200,SL,THS_T,IT,1988-07,72.38,
ESTAT:APRO_MT_PWGTM(1.0),29/04/22 23:00:00,M,B1200,SL,THS_T,IT,1988-08,73.40,
ESTAT:APRO_MT_PWGTM(1.0),29/04/22 23:00:00,M,B1200,SL,THS_T,IT,1988-09,80.94,
ESTAT:APRO_MT_PWGTM(1.0),29/04/22 23:00:00,M,B1200,SL,THS_T,IT,1988-10,75.73,
ESTAT:APRO_MT_PWGTM(1.0),29/04/22 23:00:00,M,B1200,SL,THS_T,IT,1988-11,79.89,
ESTAT:APRO_MT_PWGTM(1.0),29/04/22 23:00:00,M,B1200,SL,THS_T,IT,1988-12,85.57,
ESTAT:APRO_MT_PWGTM(1.0),29/04/22 23:00:00,M,B1200,SL,THS_T,IT,1989-01,78.47,
ESTAT:APRO_MT_PWGTM(1.0),29/04/22 23:00:00,M,B1200,SL,THS_T,IT,1989-02,72.20,
ESTAT:APRO_MT_PWGTM(1.0),29/04/22 23:00:00,M,B1200,SL,THS_T,IT,1989-03,78.82,
ESTAT:APRO_MT_PWGTM(1.0),29/04/22 23:00:00,M,B1200,SL,THS_T,IT,1989-04,74.38,
ESTAT:APRO_MT_PWGTM(1.0),29/04/22 23:00:00,M,B1200,SL,THS_T,IT,1989-05,78.48,
ESTAT:APRO_MT_PWGTM(1.0),29/04/22 23:00:00,M,B1200,SL,THS_T,IT,1989-06,80.65,
ESTAT:APRO_MT_PWGTM(1.0),29/04/22 23:00:00,M,B1200,SL,THS_T,IT,1989-07,72.66,
ESTAT:APRO_MT_PWGTM(1.0),29/04/22 23:00:00,M,B1200,SL,THS_T,IT,1989-08,71.32,
ESTAT:APRO_MT_PWGTM(1.0),29/04/22 23:00:00,M,B1200,SL,THS_T,IT,1989-09,82.79,
ESTAT:APRO_MT_PWGTM(1.0),29/04/22 23:00:00,M,B1200,SL,THS_T,IT,1989-10,76.84,
ESTAT:APRO_MT_PWGTM(1.0),29/04/22 23:00:00,M,B1200,SL,THS_T,IT,1989-11,82.33,
ESTAT:APRO_MT_PWGTM(1.0),29/04/22 23:00:00,M,B1200,SL,THS_T,IT,1989-12,83.03,
ESTAT:APRO_MT_PWGTM(1.0),29/04/22 23:00:00,M,B1200,SL,THS_T,IT,1990-01,76.94,
ESTAT:APRO_MT_PWGTM(1.0),29/04/22 23:00:00,M,B1200,SL,THS_T,IT,1990-02,75.69,
ESTAT:APRO_MT_PWGTM(1.0),29/04/22 23:00:00,M,B1200,SL,THS_T,IT,1990-03,82.41,
ESTAT:APRO_MT_PWGTM(1.0),29/04/22 23:00:00,M,B1200,SL,THS_T,IT,1990-04,75.99,
ESTAT:APRO_MT_PWGTM(1.0),29/04/22 23:00:00,M,B1200,SL,THS_T,IT,1990-05,76.92,
ESTAT:APRO_MT_PWGTM(1.0),29/04/22 23:00:00,M,B1200,SL,THS_T,IT,1990-06,83.79,
ESTAT:APRO_MT_PWGTM(1.0),29/04/22 23:00:00,M,B1200,SL,THS_T,IT,1990-07,70.17,
ESTAT:APRO_MT_PWGTM(1.0),29/04/22 23:00:00,M,B1200,SL,THS_T,IT,1990-08,76.78,
ESTAT:APRO_MT_PWGTM(1.0),29/04/22 23:00:00,M,B1200,SL,THS_T,IT,1990-09,90.50,
ESTAT:APRO_MT_PWGTM(1.0),29/04/22 23:00:00,M,B1200,SL,THS_T,IT,1990-10,76.85,
ESTAT:APRO_MT_PWGTM(1.0),29/04/22 23:00:00,M,B1200,SL,THS_T,IT,1990-11,85.60,
ESTAT:APRO_MT_PWGTM(1.0),29/04/22 23:00:00,M,B1200,SL,THS_T,IT,1990-12,76.73,
ESTAT:APRO_MT_PWGTM(1.0),29/04/22 23:00:00,M,B1200,SL,THS_T,IT,1991-01,81.11,
ESTAT:APRO_MT_PWGTM(1.0),29/04/22 23:00:00,M,B1200,SL,THS_T,IT,1991-02,77.07,
ESTAT:APRO_MT_PWGTM(1.0),29/04/22 23:00:00,M,B1200,SL,THS_T,IT,1991-03,85.39,
ESTAT:APRO_MT_PWGTM(1.0),29/04/22 23:00:00,M,B1200,SL,THS_T,IT,1991-04,74.56,
ESTAT:APRO_MT_PWGTM(1.0),29/04/22 23:00:00,M,B1200,SL,THS_T,IT,1991-05,79.99,
ESTAT:APRO_MT_PWGTM(1.0),29/04/22 23:00:00,M,B1200,SL,THS_T,IT,1991-06,81.53,
ESTAT:APRO_MT_PWGTM(1.0),29/04/22 23:00:00,M,B1200,SL,THS_T,IT,1991-07,71.25,
ESTAT:APRO_MT_PWGTM(1.0),29/04/22 23:00:00,M,B1200,SL,THS_T,IT,1991-08,77.01,
ESTAT:APRO_MT_PWGTM(1.0),29/04/22 23:00:00,M,B1200,SL,THS_T,IT,1991-09,92.00,
ESTAT:APRO_MT_PWGTM(1.0),29/04/22 23:00:00,M,B1200,SL,THS_T,IT,1991-10,78.84,
ESTAT:APRO_MT_PWGTM(1.0),29/04/22 23:00:00,M,B1200,SL,THS_T,IT,1991-11,88.68,
ESTAT:APRO_MT_PWGTM(1.0),29/04/22 23:00:00,M,B1200,SL,THS_T,IT,1991-12,79.88,
ESTAT:APRO_MT_PWGTM(1.0),29/04/22 23:00:00,M,B1200,SL,THS_T,IT,1992-01,86.50,
ESTAT:APRO_MT_PWGTM(1.0),29/04/22 23:00:00,M,B1200,SL,THS_T,IT,1992-02,81.03,
ESTAT:APRO_MT_PWGTM(1.0),29/04/22 23:00:00,M,B1200,SL,THS_T,IT,1992-03,86.44,
ESTAT:APRO_MT_PWGTM(1.0),29/04/22 23:00:00,M,B1200,SL,THS_T,IT,1992-04,76.72,
ESTAT:APRO_MT_PWGTM(1.0),29/04/22 23:00:00,M,B1200,SL,THS_T,IT,1992-05,77.87,
ESTAT:APRO_MT_PWGTM(1.0),29/04/22 23:00:00,M,B1200,SL,THS_T,IT,1992-06,91.24,
ESTAT:APRO_MT_PWGTM(1.0),29/04/22 23:00:00,M,B1200,SL,THS_T,IT,1992-07,72.38,
ESTAT:APRO_MT_PWGTM(1.0),29/04/22 23:00:00,M,B1200,SL,THS_T,IT,1992-08,78.09,
ESTAT:APRO_MT_PWGTM(1.0),29/04/22 23:00:00,M,B1200,SL,THS_T,IT,1992-09,99.08,
ESTAT:APRO_MT_PWGTM(1.0),29/04/22 23:00:00,M,B1200,SL,THS_T,IT,1992-10,78.62,
ESTAT:APRO_MT_PWGTM(1.0),29/04/22 23:00:00,M,B1200,SL,THS_T,IT,1992-11,96.34,
ESTAT:APRO_MT_PWGTM(1.0),29/04/22 23:00:00,M,B1200,SL,THS_T,IT,1992-12,85.99,
ESTAT:APRO_MT_PWGTM(1.0),29/04/22 23:00:00,M,B1200,SL,THS_T,IT,1993-01,85.70,
ESTAT:APRO_MT_PWGTM(1.0),29/04/22 23:00:00,M,B1200,SL,THS_T,IT,1993-02,79.70,
ESTAT:APRO_MT_PWGTM(1.0),29/04/22 23:00:00,M,B1200,SL,THS_T,IT,1993-03,87.36,
ESTAT:APRO_MT_PWGTM(1.0),29/04/22 23:00:00,M,B1200,SL,THS_T,IT,1993-04,75.85,
ESTAT:APRO_MT_PWGTM(1.0),29/04/22 23:00:00,M,B1200,SL,THS_T,IT,1993-05,76.95,
ESTAT:APRO_MT_PWGTM(1.0),29/04/22 23:00:00,M,B1200,SL,THS_T,IT,1993-06,85.85,
ESTAT:APRO_MT_PWGTM(1.0),29/04/22 23:00:00,M,B1200,SL,THS_T,IT,1993-07,72.28,
ESTAT:APRO_MT_PWGTM(1.0),29/04/22 23:00:00,M,B1200,SL,THS_T,IT,1993-08,79.53,
ESTAT:APRO_MT_PWGTM(1.0),29/04/22 23:00:00,M,B1200,SL,THS_T,IT,1993-09,93.28,
ESTAT:APRO_MT_PWGTM(1.0),29/04/22 23:00:00,M,B1200,SL,THS_T,IT,1993-10,78.22,
ESTAT:APRO_MT_PWGTM(1.0),29/04/22 23:00:00,M,B1200,SL,THS_T,IT,1993-11,95.63,
ESTAT:APRO_MT_PWGTM(1.0),29/04/22 23:00:00,M,B1200,SL,THS_T,IT,1993-12,83.34,
ESTAT:APRO_MT_PWGTM(1.0),29/04/22 23:00:00,M,B1200,SL,THS_T,IT,1994-01,84.66,
ESTAT:APRO_MT_PWGTM(1.0),29/04/22 23:00:00,M,B1200,SL,THS_T,IT,1994-02,81.33,
ESTAT:APRO_MT_PWGTM(1.0),29/04/22 23:00:00,M,B1200,SL,THS_T,IT,1994-03,84.54,
ESTAT:APRO_MT_PWGTM(1.0),29/04/22 23:00:00,M,B1200,SL,THS_T,IT,1994-04,73.99,
ESTAT:APRO_MT_PWGTM(1.0),29/04/22 23:00:00,M,B1200,SL,THS_T,IT,1994-05,78.28,
ESTAT:APRO_MT_PWGTM(1.0),29/04/22 23:00:00,M,B1200,SL,THS_T,IT,1994-06,83.18,
ESTAT:APRO_MT_PWGTM(1.0),29/04/22 23:00:00,M,B1200,SL,THS_T,IT,1994-07,68.76,
ESTAT:APRO_MT_PWGTM(1.0),29/04/22 23:00:00,M,B1200,SL,THS_T,IT,1994-08,78.43,
ESTAT:APRO_MT_PWGTM(1.0),29/04/22 23:00:00,M,B1200,SL,THS_T,IT,1994-09,91.31,
ESTAT:APRO_MT_PWGTM(1.0),29/04/22 23:00:00,M,B1200,SL,THS_T,IT,1994-10,77.99,
ESTAT:APRO_MT_PWGTM(1.0),29/04/22 23:00:00,M,B1200,SL,THS_T,IT,1994-11,97.22,
ESTAT:APRO_MT_PWGTM(1.0),29/04/22 23:00:00,M,B1200,SL,THS_T,IT,1994-12,79.34,
ESTAT:APRO_MT_PWGTM(1.0),29/04/22 23:00:00,M,B1200,SL,THS_T,IT,1995-01,80.87,
ESTAT:APRO_MT_PWGTM(1.0),29/04/22 23:00:00,M,B1200,SL,THS_T,IT,1995-02,79.68,
ESTAT:APRO_MT_PWGTM(1.0),29/04/22 23:00:00,M,B1200,SL,THS_T,IT,1995-03,82.54,
ESTAT:APRO_MT_PWGTM(1.0),29/04/22 23:00:00,M,B1200,SL,THS_T,IT,1995-04,76.95,
ESTAT:APRO_MT_PWGTM(1.0),29/04/22 23:00:00,M,B1200,SL,THS_T,IT,1995-05,83.32,
ESTAT:APRO_MT_PWGTM(1.0),29/04/22 23:00:00,M,B1200,SL,THS_T,IT,1995-06,88.70,
ESTAT:APRO_MT_PWGTM(1.0),29/04/22 23:00:00,M,B1200,SL,THS_T,IT,1995-07,71.41,
ESTAT:APRO_MT_PWGTM(1.0),29/04/22 23:00:00,M,B1200,SL,THS_T,IT,1995-08,82.14,
ESTAT:APRO_MT_PWGTM(1.0),29/04/22 23:00:00,M,B1200,SL,THS_T,IT,1995-09,94.52,
ESTAT:APRO_MT_PWGTM(1.0),29/04/22 23:00:00,M,B1200,SL,THS_T,IT,1995-10,82.84,
ESTAT:APRO_MT_PWGTM(1.0),29/04/22 23:00:00,M,B1200,SL,THS_T,IT,1995-11,94.11,
ESTAT:APRO_MT_PWGTM(1.0),29/04/22 23:00:00,M,B1200,SL,THS_T,IT,1995-12,82.48,
ESTAT:APRO_MT_PWGTM(1.0),29/04/22 23:00:00,M,B1200,SL,THS_T,IT,1996-01,84.25,
ESTAT:APRO_MT_PWGTM(1.0),29/04/22 23:00:00,M,B1200,SL,THS_T,IT,1996-02,75.79,
ESTAT:APRO_MT_PWGTM(1.0),29/04/22 23:00:00,M,B1200,SL,THS_T,IT,1996-03,73.70,
ESTAT:APRO_MT_PWGTM(1.0),29/04/22 23:00:00,M,B1200,SL,THS_T,IT,1996-04,67.01,
ESTAT:APRO_MT_PWGTM(1.0),29/04/22 23:00:00,M,B1200,SL,THS_T,IT,1996-05,74.08,
ESTAT:APRO_MT_PWGTM(1.0),29/04/22 23:00:00,M,B1200,SL,THS_T,IT,1996-06,73.09,
ESTAT:APRO_MT_PWGTM(1.0),29/04/22 23:00:00,M,B1200,SL,THS_T,IT,1996-07,95.51,
ESTAT:APRO_MT_PWGTM(1.0),29/04/22 23:00:00,M,B1200,SL,THS_T,IT,1996-08,90.13,
ESTAT:APRO_MT_PWGTM(1.0),29/04/22 23:00:00,M,B1200,SL,THS_T,IT,1996-09,94.80,
ESTAT:APRO_MT_PWGTM(1.0),29/04/22 23:00:00,M,B1200,SL,THS_T,IT,1996-10,98.87,
ESTAT:APRO_MT_PWGTM(1.0),29/04/22 23:00:00,M,B1200,SL,THS_T,IT,1996-11,89.91,
ESTAT:APRO_MT_PWGTM(1.0),29/04/22 23:00:00,M,B1200,SL,THS_T,IT,1996-12,84.37,
ESTAT:APRO_MT_PWGTM(1.0),29/04/22 23:00:00,M,B1200,SL,THS_T,IT,1997-01,87.36,
ESTAT:APRO_MT_PWGTM(1.0),29/04/22 23:00:00,M,B1200,SL,THS_T,IT,1997-02,78.73,
ESTAT:APRO_MT_PWGTM(1.0),29/04/22 23:00:00,M,B1200,SL,THS_T,IT,1997-03,78.71,
ESTAT:APRO_MT_PWGTM(1.0),29/04/22 23:00:00,M,B1200,SL,THS_T,IT,1997-04,82.06,
ESTAT:APRO_MT_PWGTM(1.0),29/04/22 23:00:00,M,B1200,SL,THS_T,IT,1997-05,77.99,
ESTAT:APRO_MT_PWGTM(1.0),29/04/22 23:00:00,M,B1200,SL,THS_T,IT,1997-06,78.55,
ESTAT:APRO_MT_PWGTM(1.0),29/04/22 23:00:00,M,B1200,SL,THS_T,IT,1997-07,80.63,
ESTAT:APRO_MT_PWGTM(1.0),29/04/22 23:00:00,M,B1200,SL,THS_T,IT,1997-08,79.61,
ESTAT:APRO_MT_PWGTM(1.0),29/04/22 23:00:00,M,B1200,SL,THS_T,IT,1997-09,91.11,
ESTAT:APRO_MT_PWGTM(1.0),29/04/22 23:00:00,M,B1200,SL,THS_T,IT,1997-10,93.93,
ESTAT:APRO_MT_PWGTM(1.0),29/04/22 23:00:00,M,B1200,SL,THS_T,IT,1997-11,87.45,
ESTAT:APRO_MT_PWGTM(1.0),29/04/22 23:00:00,M,B1200,SL,THS_T,IT,1997-12,85.76,
ESTAT:APRO_MT_PWGTM(1.0),29/04/22 23:00:00,M,B1200,SL,THS_T,IT,1998-01,81.98,
ESTAT:APRO_MT_PWGTM(1.0),29/04/22 23:00:00,M,B1200,SL,THS_T,IT,1998-02,76.34,
ESTAT:APRO_MT_PWGTM(1.0),29/04/22 23:00:00,M,B1200,SL,THS_T,IT,1998-03,83.94,
ESTAT:APRO_MT_PWGTM(1.0),29/04/22 23:00:00,M,B1200,SL,THS_T,IT,1998-04,76.17,
ESTAT:APRO_MT_PWGTM(1.0),29/04/22 23:00:00,M,B1200,SL,THS_T,IT,1998-05,69.55,
ESTAT:APRO_MT_PWGTM(1.0),29/04/22 23:00:00,M,B1200,SL,THS_T,IT,1998-06,76.30,
ESTAT:APRO_MT_PWGTM(1.0),29/04/22 23:00:00,M,B1200,SL,THS_T,IT,1998-07,75.34,
ESTAT:APRO_MT_PWGTM(1.0),29/04/22 23:00:00,M,B1200,SL,THS_T,IT,1998-08,75.83,
ESTAT:APRO_MT_PWGTM(1.0),29/04/22 23:00:00,M,B1200,SL,THS_T,IT,1998-09,88.81,
ESTAT:APRO_MT_PWGTM(1.0),29/04/22 23:00:00,M,B1200,SL,THS_T,IT,1998-10,88.78,
ESTAT:APRO_MT_PWGTM(1.0),29/04/22 23:00:00,M,B1200,SL,THS_T,IT,1998-11,86.24,
ESTAT:APRO_MT_PWGTM(1.0),29/04/22 23:00:00,M,B1200,SL,THS_T,IT,1998-12,86.74,
ESTAT:APRO_MT_PWGTM(1.0),29/04/22 23:00:00,M,B1200,SL,THS_T,IT,1999-01,81.57,
ESTAT:APRO_MT_PWGTM(1.0),29/04/22 23:00:00,M,B1200,SL,THS_T,IT,1999-02,81.19,
ESTAT:APRO_MT_PWGTM(1.0),29/04/22 23:00:00,M,B1200,SL,THS_T,IT,1999-03,90.47,
ESTAT:APRO_MT_PWGTM(1.0),29/04/22 23:00:00,M,B1200,SL,THS_T,IT,1999-04,77.69,
ESTAT:APRO_MT_PWGTM(1.0),29/04/22 23:00:00,M,B1200,SL,THS_T,IT,1999-05,75.67,
ESTAT:APRO_MT_PWGTM(1.0),29/04/22 23:00:00,M,B1200,SL,THS_T,IT,1999-06,78.50,
ESTAT:APRO_MT_PWGTM(1.0),29/04/22 23:00:00,M,B1200,SL,THS_T,IT,1999-07,79.23,
ESTAT:APRO_MT_PWGTM(1.0),29/04/22 23:00:00,M,B1200,SL,THS_T,IT,1999-08,81.09,
ESTAT:APRO_MT_PWGTM(1.0),29/04/22 23:00:00,M,B1200,SL,THS_T,IT,1999-09,90.65,
ESTAT:APRO_MT_PWGTM(1.0),29/04/22 23:00:00,M,B1200,SL,THS_T,IT,1999-10,93.70,
ESTAT:APRO_MT_PWGTM(1.0),29/04/22 23:00:00,M,B1200,SL,THS_T,IT,1999-11,93.30,
ESTAT:APRO_MT_PWGTM(1.0),29/04/22 23:00:00,M,B1200,SL,THS_T,IT,1999-12,90.95,
ESTAT:APRO_MT_PWGTM(1.0),29/04/22 23:00:00,M,B1200,SL,THS_T,IT,2000-01,84.86,
ESTAT:APRO_MT_PWGTM(1.0),29/04/22 23:00:00,M,B1200,SL,THS_T,IT,2000-02,82.84,
ESTAT:APRO_MT_PWGTM(1.0),29/04/22 23:00:00,M,B1200,SL,THS_T,IT,2000-03,86.26,
ESTAT:APRO_MT_PWGTM(1.0),29/04/22 23:00:00,M,B1200,SL,THS_T,IT,2000-04,78.68,
ESTAT:APRO_MT_PWGTM(1.0),29/04/22 23:00:00,M,B1200,SL,THS_T,IT,2000-05,80.55,
ESTAT:APRO_MT_PWGTM(1.0),29/04/22 23:00:00,M,B1200,SL,THS_T,IT,2000-06,80.78,
ESTAT:APRO_MT_PWGTM(1.0),29/04/22 23:00:00,M,B1200,SL,THS_T,IT,2000-07,80.64,
ESTAT:APRO_MT_PWGTM(1.0),29/04/22 23:00:00,M,B1200,SL,THS_T,IT,2000-08,81.91,
ESTAT:APRO_MT_PWGTM(1.0),29/04/22 23:00:00,M,B1200,SL,THS_T,IT,2000-09,90.95,
ESTAT:APRO_MT_PWGTM(1.0),29/04/22 23:00:00,M,B1200,SL,THS_T,IT,2000-10,96.85,
ESTAT:APRO_MT_PWGTM(1.0),29/04/22 23:00:00,M,B1200,SL,THS_T,IT,2000-11,71.66,
ESTAT:APRO_MT_PWGTM(1.0),29/04/22 23:00:00,M,B1200,SL,THS_T,IT,2000-12,81.05,
ESTAT:APRO_MT_PWGTM(1.0),29/04/22 23:00:00,M,B1200,SL,THS_T,IT,2001-01,53.45,
ESTAT:APRO_MT_PWGTM(1.0),29/04/22 23:00:00,M,B1200,SL,THS_T,IT,2001-02,59.96,
ESTAT:APRO_MT_PWGTM(1.0),29/04/22 23:00:00,M,B1200,SL,THS_T,IT,2001-03,93.02,
ESTAT:APRO_MT_PWGTM(1.0),29/04/22 23:00:00,M,B1200,SL,THS_T,IT,2001-04,74.99,
ESTAT:APRO_MT_PWGTM(1.0),29/04/22 23:00:00,M,B1200,SL,THS_T,IT,2001-05,74.47,
ESTAT:APRO_MT_PWGTM(1.0),29/04/22 23:00:00,M,B1200,SL,THS_T,IT,2001-06,81.79,
ESTAT:APRO_MT_PWGTM(1.0),29/04/22 23:00:00,M,B1200,SL,THS_T,IT,2001-07,83.15,
ESTAT:APRO_MT_PWGTM(1.0),29/04/22 23:00:00,M,B1200,SL,THS_T,IT,2001-08,85.67,
ESTAT:APRO_MT_PWGTM(1.0),29/04/22 23:00:00,M,B1200,SL,THS_T,IT,2001-09,96.69,
ESTAT:APRO_MT_PWGTM(1.0),29/04/22 23:00:00,M,B1200,SL,THS_T,IT,2001-10,95.91,
ESTAT:APRO_MT_PWGTM(1.0),29/04/22 23:00:00,M,B1200,SL,THS_T,IT,2001-11,90.32,
ESTAT:APRO_MT_PWGTM(1.0),29/04/22 23:00:00,M,B1200,SL,THS_T,IT,2001-12,86.84,
ESTAT:APRO_MT_PWGTM(1.0),29/04/22 23:00:00,M,B1200,SL,THS_T,IT,2002-01,79.00,
ESTAT:APRO_MT_PWGTM(1.0),29/04/22 23:00:00,M,B1200,SL,THS_T,IT,2002-02,69.00,
ESTAT:APRO_MT_PWGTM(1.0),29/04/22 23:00:00,M,B1200,SL,THS_T,IT,2002-03,82.70,
ESTAT:APRO_MT_PWGTM(1.0),29/04/22 23:00:00,M,B1200,SL,THS_T,IT,2002-04,78.10,
ESTAT:APRO_MT_PWGTM(1.0),29/04/22 23:00:00,M,B1200,SL,THS_T,IT,2002-05,76.60,
ESTAT:APRO_MT_PWGTM(1.0),29/04/22 23:00:00,M,B1200,SL,THS_T,IT,2002-06,74.60,
ESTAT:APRO_MT_PWGTM(1.0),29/04/22 23:00:00,M,B1200,SL,THS_T,IT,2002-07,83.10,
ESTAT:APRO_MT_PWGTM(1.0),29/04/22 23:00:00,M,B1200,SL,THS_T,IT,2002-08,80.80,
ESTAT:APRO_MT_PWGTM(1.0),29/04/22 23:00:00,M,B1200,SL,THS_T,IT,2002-09,90.20,
ESTAT:APRO_MT_PWGTM(1.0),29/04/22 23:00:00,M,B1200,SL,THS_T,IT,2002-10,88.90,
ESTAT:APRO_MT_PWGTM(1.0),29/04/22 23:00:00,M,B1200,SL,THS_T,IT,2002-11,89.60,
ESTAT:APRO_MT_PWGTM(1.0),29/04/22 23:00:00,M,B1200,SL,THS_T,IT,2002-12,88.00,
ESTAT:APRO_MT_PWGTM(1.0),29/04/22 23:00:00,M,B1200,SL,THS_T,IT,2003-01,86.10,
ESTAT:APRO_MT_PWGTM(1.0),29/04/22 23:00:00,M,B1200,SL,THS_T,IT,2003-02,71.50,
ESTAT:APRO_MT_PWGTM(1.0),29/04/22 23:00:00,M,B1200,SL,THS_T,IT,2003-03,82.40,
ESTAT:APRO_MT_PWGTM(1.0),29/04/22 23:00:00,M,B1200,SL,THS_T,IT,2003-04,71.90,
ESTAT:APRO_MT_PWGTM(1.0),29/04/22 23:00:00,M,B1200,SL,THS_T,IT,2003-05,77.30,
ESTAT:APRO_MT_PWGTM(1.0),29/04/22 23:00:00,M,B1200,SL,THS_T,IT,2003-06,69.40,
ESTAT:APRO_MT_PWGTM(1.0),29/04/22 23:00:00,M,B1200,SL,THS_T,IT,2003-07,79.30,
ESTAT:APRO_MT_PWGTM(1.0),29/04/22 23:00:00,M,B1200,SL,THS_T,IT,2003-08,80.40,
ESTAT:APRO_MT_PWGTM(1.0),29/04/22 23:00:00,M,B1200,SL,THS_T,IT,2003-09,90.50,
ESTAT:APRO_MT_PWGTM(1.0),29/04/22 23:00:00,M,B1200,SL,THS_T,IT,2003-10,92.00,
ESTAT:APRO_MT_PWGTM(1.0),29/04/22 23:00:00,M,B1200,SL,THS_T,IT,2003-11,89.65,
ESTAT:APRO_MT_PWGTM(1.0),29/04/22 23:00:00,M,B1200,SL,THS_T,IT,2003-12,90.16,
ESTAT:APRO_MT_PWGTM(1.0),29/04/22 23:00:00,M,B1200,SL,THS_T,IT,2004-01,89.80,
ESTAT:APRO_MT_PWGTM(1.0),29/04/22 23:00:00,M,B1200,SL,THS_T,IT,2004-02,70.56,
ESTAT:APRO_MT_PWGTM(1.0),29/04/22 23:00:00,M,B1200,SL,THS_T,IT,2004-03,87.10,
ESTAT:APRO_MT_PWGTM(1.0),29/04/22 23:00:00,M,B1200,SL,THS_T,IT,2004-04,75.70,
ESTAT:APRO_MT_PWGTM(1.0),29/04/22 23:00:00,M,B1200,SL,THS_T,IT,2004-05,79.40,
ESTAT:APRO_MT_PWGTM(1.0),29/04/22 23:00:00,M,B1200,SL,THS_T,IT,2004-06,71.49,
ESTAT:APRO_MT_PWGTM(1.0),29/04/22 23:00:00,M,B1200,SL,THS_T,IT,2004-07,84.50,
ESTAT:APRO_MT_PWGTM(1.0),29/04/22 23:00:00,M,B1200,SL,THS_T,IT,2004-08,82.70,
ESTAT:APRO_MT_PWGTM(1.0),29/04/22 23:00:00,M,B1200,SL,THS_T,IT,2004-09,90.10,
ESTAT:APRO_MT_PWGTM(1.0),29/04/22 23:00:00,M,B1200,SL,THS_T,IT,2004-10,92.10,
ESTAT:APRO_MT_PWGTM(1.0),29/04/22 23:00:00,M,B1200,SL,THS_T,IT,2004-11,95.90,
ESTAT:APRO_MT_PWGTM(1.0),29/04/22 23:00:00,M,B1200,SL,THS_T,IT,2004-12,91.40,
ESTAT:APRO_MT_PWGTM(1.0),29/04/22 23:00:00,M,B1200,SL,THS_T,IT,2005-01,83.87,
ESTAT:APRO_MT_PWGTM(1.0),29/04/22 23:00:00,M,B1200,SL,THS_T,IT,2005-02,68.74,
ESTAT:APRO_MT_PWGTM(1.0),29/04/22 23:00:00,M,B1200,SL,THS_T,IT,2005-03,86.20,
ESTAT:APRO_MT_PWGTM(1.0),29/04/22 23:00:00,M,B1200,SL,THS_T,IT,2005-04,73.69,
ESTAT:APRO_MT_PWGTM(1.0),29/04/22 23:00:00,M,B1200,SL,THS_T,IT,2005-05,72.66,
ESTAT:APRO_MT_PWGTM(1.0),29/04/22 23:00:00,M,B1200,SL,THS_T,IT,2005-06,75.49,
ESTAT:APRO_MT_PWGTM(1.0),29/04/22 23:00:00,M,B1200,SL,THS_T,IT,2005-07,74.82,
ESTAT:APRO_MT_PWGTM(1.0),29/04/22 23:00:00,M,B1200,SL,THS_T,IT,2005-08,84.07,
ESTAT:APRO_MT_PWGTM(1.0),29/04/22 23:00:00,M,B1200,SL,THS_T,IT,2005-09,89.18,
ESTAT:APRO_MT_PWGTM(1.0),29/04/22 23:00:00,M,B1200,SL,THS_T,IT,2005-10,93.13,
ESTAT:APRO_MT_PWGTM(1.0),29/04/22 23:00:00,M,B1200,SL,THS_T,IT,2005-11,86.36,
ESTAT:APRO_MT_PWGTM(1.0),29/04/22 23:00:00,M,B1200,SL,THS_T,IT,2005-12,83.58,
ESTAT:APRO_MT_PWGTM(1.0),29/04/22 23:00:00,M,B1200,SL,THS_T,IT,2006-01,86.29,
ESTAT:APRO_MT_PWGTM(1.0),29/04/22 23:00:00,M,B1200,SL,THS_T,IT,2006-02,74.36,
ESTAT:APRO_MT_PWGTM(1.0),29/04/22 23:00:00,M,B1200,SL,THS_T,IT,2006-03,86.20,
ESTAT:APRO_MT_PWGTM(1.0),29/04/22 23:00:00,M,B1200,SL,THS_T,IT,2006-04,66.22,
ESTAT:APRO_MT_PWGTM(1.0),29/04/22 23:00:00,M,B1200,SL,THS_T,IT,2006-05,72.67,
ESTAT:APRO_MT_PWGTM(1.0),29/04/22 23:00:00,M,B1200,SL,THS_T,IT,2006-06,75.18,
ESTAT:APRO_MT_PWGTM(1.0),29/04/22 23:00:00,M,B1200,SL,THS_T,IT,2006-07,71.94,
ESTAT:APRO_MT_PWGTM(1.0),29/04/22 23:00:00,M,B1200,SL,THS_T,IT,2006-08,80.07,
ESTAT:APRO_MT_PWGTM(1.0),29/04/22 23:00:00,M,B1200,SL,THS_T,IT,2006-09,87.61,
ESTAT:APRO_MT_PWGTM(1.0),29/04/22 23:00:00,M,B1200,SL,THS_T,IT,2006-10,92.44,
ESTAT:APRO_MT_PWGTM(1.0),29/04/22 23:00:00,M,B1200,SL,THS_T,IT,2006-11,85.28,
ESTAT:APRO_MT_PWGTM(1.0),29/04/22 23:00:00,M,B1200,SL,THS_T,IT,2006-12,90.02,
ESTAT:APRO_MT_PWGTM(1.0),29/04/22 23:00:00,M,B1200,SL,THS_T,IT,2007-01,90.05,
ESTAT:APRO_MT_PWGTM(1.0),29/04/22 23:00:00,M,B1200,SL,THS_T,IT,2007-02,78.24,
ESTAT:APRO_MT_PWGTM(1.0),29/04/22 23:00:00,M,B1200,SL,THS_T,IT,2007-03,86.94,
ESTAT:APRO_MT_PWGTM(1.0),29/04/22 23:00:00,M,B1200,SL,THS_T,IT,2007-04,67.83,
ESTAT:APRO_MT_PWGTM(1.0),29/04/22 23:00:00,M,B1200,SL,THS_T,IT,2007-05,75.41,
ESTAT:APRO_MT_PWGTM(1.0),29/04/22 23:00:00,M,B1200,SL,THS_T,IT,2007-06,76.07,
ESTAT:APRO_MT_PWGTM(1.0),29/04/22 23:00:00,M,B1200,SL,THS_T,IT,2007-07,77.28,
ESTAT:APRO_MT_PWGTM(1.0),29/04/22 23:00:00,M,B1200,SL,THS_T,IT,2007-08,81.53,
ESTAT:APRO_MT_PWGTM(1.0),29/04/22 23:00:00,M,B1200,SL,THS_T,IT,2007-09,84.56,
ESTAT:APRO_MT_PWGTM(1.0),29/04/22 23:00:00,M,B1200,SL,THS_T,IT,2007-10,96.79,
ESTAT:APRO_MT_PWGTM(1.0),29/04/22 23:00:00,M,B1200,SL,THS_T,IT,2007-11,90.15,
ESTAT:APRO_MT_PWGTM(1.0),29/04/22 23:00:00,M,B1200,SL,THS_T,IT,2007-12,93.13,
ESTAT:APRO_MT_PWGTM(1.0),29/04/22 23:00:00,M,B1200,SL,THS_T,IT,2008-01,85.51,
ESTAT:APRO_MT_PWGTM(1.0),29/04/22 23:00:00,M,B1200,SL,THS_T,IT,2008-02,75.47,
ESTAT:APRO_MT_PWGTM(1.0),29/04/22 23:00:00,M,B1200,SL,THS_T,IT,2008-03,78.73,
ESTAT:APRO_MT_PWGTM(1.0),29/04/22 23:00:00,M,B1200,SL,THS_T,IT,2008-04,63.02,
ESTAT:APRO_MT_PWGTM(1.0),29/04/22 23:00:00,M,B1200,SL,THS_T,IT,2008-05,74.03,
ESTAT:APRO_MT_PWGTM(1.0),29/04/22 23:00:00,M,B1200,SL,THS_T,IT,2008-06,75.29,
ESTAT:APRO_MT_PWGTM(1.0),29/04/22 23:00:00,M,B1200,SL,THS_T,IT,2008-07,71.30,
ESTAT:APRO_MT_PWGTM(1.0),29/04/22 23:00:00,M,B1200,SL,THS_T,IT,2008-08,72.79,
ESTAT:APRO_MT_PWGTM(1.0),29/04/22 23:00:00,M,B1200,SL,THS_T,IT,2008-09,85.94,
ESTAT:APRO_MT_PWGTM(1.0),29/04/22 23:00:00,M,B1200,SL,THS_T,IT,2008-10,84.24,
ESTAT:APRO_MT_PWGTM(1.0),29/04/22 23:00:00,M,B1200,SL,THS_T,IT,2008-11,79.17,
ESTAT:APRO_MT_PWGTM(1.0),29/04/22 23:00:00,M,B1200,SL,THS_T,IT,2008-12,86.78,
ESTAT:APRO_MT_PWGTM(1.0),29/04/22 23:00:00,M,B1200,SL,THS_T,IT,2009-01,83.21,
ESTAT:APRO_MT_PWGTM(1.0),29/04/22 23:00:00,M,B1200,SL,THS_T,IT,2009-02,73.94,
ESTAT:APRO_MT_PWGTM(1.0),29/04/22 23:00:00,M,B1200,SL,THS_T,IT,2009-03,77.97,
ESTAT:APRO_MT_PWGTM(1.0),29/04/22 23:00:00,M,B1200,SL,THS_T,IT,2009-04,63.38,
ESTAT:APRO_MT_PWGTM(1.0),29/04/22 23:00:00,M,B1200,SL,THS_T,IT,2009-05,68.65,
ESTAT:APRO_MT_PWGTM(1.0),29/04/22 23:00:00,M,B1200,SL,THS_T,IT,2009-06,74.50,
ESTAT:APRO_MT_PWGTM(1.0),29/04/22 23:00:00,M,B1200,SL,THS_T,IT,2009-07,72.90,
ESTAT:APRO_MT_PWGTM(1.0),29/04/22 23:00:00,M,B1200,SL,THS_T,IT,2009-08,73.78,
ESTAT:APRO_MT_PWGTM(1.0),29/04/22 23:00:00,M,B1200,SL,THS_T,IT,2009-09,80.99,
ESTAT:APRO_MT_PWGTM(1.0),29/04/22 23:00:00,M,B1200,SL,THS_T,IT,2009-10,84.56,
ESTAT:APRO_MT_PWGTM(1.0),29/04/22 23:00:00,M,B1200,SL,THS_T,IT,2009-11,80.67,
ESTAT:APRO_MT_PWGTM(1.0),29/04/22 23:00:00,M,B1200,SL,THS_T,IT,2009-12,83.98,
ESTAT:APRO_MT_PWGTM(1.0),29/04/22 23:00:00,M,B1200,SL,THS_T,IT,2010-01,85.28,
ESTAT:APRO_MT_PWGTM(1.0),29/04/22 23:00:00,M,B1200,SL,THS_T,IT,2010-02,73.69,
ESTAT:APRO_MT_PWGTM(1.0),29/04/22 23:00:00,M,B1200,SL,THS_T,IT,2010-03,79.90,
ESTAT:APRO_MT_PWGTM(1.0),29/04/22 23:00:00,M,B1200,SL,THS_T,IT,2010-04,61.99,
ESTAT:APRO_MT_PWGTM(1.0),29/04/22 23:00:00,M,B1200,SL,THS_T,IT,2010-05,72.97,
ESTAT:APRO_MT_PWGTM(1.0),29/04/22 23:00:00,M,B1200,SL,THS_T,IT,2010-06,74.52,
ESTAT:APRO_MT_PWGTM(1.0),29/04/22 23:00:00,M,B1200,SL,THS_T,IT,2010-07,74.35,
ESTAT:APRO_MT_PWGTM(1.0),29/04/22 23:00:00,M,B1200,SL,THS_T,IT,2010-08,76.51,
ESTAT:APRO_MT_PWGTM(1.0),29/04/22 23:00:00,M,B1200,SL,THS_T,IT,2010-09,84.23,
ESTAT:APRO_MT_PWGTM(1.0),29/04/22 23:00:00,M,B1200,SL,THS_T,IT,2010-10,83.12,
ESTAT:APRO_MT_PWGTM(1.0),29/04/22 23:00:00,M,B1200,SL,THS_T,IT,2010-11,84.32,
ESTAT:APRO_MT_PWGTM(1.0),29/04/22 23:00:00,M,B1200,SL,THS_T,IT,2010-12,86.45,
ESTAT:APRO_MT_PWGTM(1.0),29/04/22 23:00:00,M,B1200,SL,THS_T,IT,2011-01,85.30,
ESTAT:APRO_MT_PWGTM(1.0),29/04/22 23:00:00,M,B1200,SL,THS_T,IT,2011-02,75.61,
ESTAT:APRO_MT_PWGTM(1.0),29/04/22 23:00:00,M,B1200,SL,THS_T,IT,2011-03,77.32,
ESTAT:APRO_MT_PWGTM(1.0),29/04/22 23:00:00,M,B1200,SL,THS_T,IT,2011-04,57.65,
ESTAT:APRO_MT_PWGTM(1.0),29/04/22 23:00:00,M,B1200,SL,THS_T,IT,2011-05,66.77,
ESTAT:APRO_MT_PWGTM(1.0),29/04/22 23:00:00,M,B1200,SL,THS_T,IT,2011-06,69.06,
ESTAT:APRO_MT_PWGTM(1.0),29/04/22 23:00:00,M,B1200,SL,THS_T,IT,2011-07,69.76,
ESTAT:APRO_MT_PWGTM(1.0),29/04/22 23:00:00,M,B1200,SL,THS_T,IT,2011-08,74.31,
ESTAT:APRO_MT_PWGTM(1.0),29/04/22 23:00:00,M,B1200,SL,THS_T,IT,2011-09,77.12,
ESTAT:APRO_MT_PWGTM(1.0),29/04/22 23:00:00,M,B1200,SL,THS_T,IT,2011-10,76.89,
ESTAT:APRO_MT_PWGTM(1.0),29/04/22 23:00:00,M,B1200,SL,THS_T,IT,2011-11,75.93,
ESTAT:APRO_MT_PWGTM(1.0),29/04/22 23:00:00,M,B1200,SL,THS_T,IT,2011-12,74.72,
ESTAT:APRO_MT_PWGTM(1.0),29/04/22 23:00:00,M,B1200,SL,THS_T,IT,2012-01,72.81,
ESTAT:APRO_MT_PWGTM(1.0),29/04/22 23:00:00,M,B1200,SL,THS_T,IT,2012-02,70.52,
ESTAT:APRO_MT_PWGTM(1.0),29/04/22 23:00:00,M,B1200,SL,THS_T,IT,2012-03,73.60,
ESTAT:APRO_MT_PWGTM(1.0),29/04/22 23:00:00,M,B1200,SL,THS_T,IT,2012-04,59.38,
ESTAT:APRO_MT_PWGTM(1.0),29/04/22 23:00:00,M,B1200,SL,THS_T,IT,2012-05,68.30,
ESTAT:APRO_MT_PWGTM(1.0),29/04/22 23:00:00,M,B1200,SL,THS_T,IT,2012-06,63.45,
ESTAT:APRO_MT_PWGTM(1.0),29/04/22 23:00:00,M,B1200,SL,THS_T,IT,2012-07,68.15,
ESTAT:APRO_MT_PWGTM(1.0),29/04/22 23:00:00,M,B1200,SL,THS_T,IT,2012-08,69.61,
ESTAT:APRO_MT_PWGTM(1.0),29/04/22 23:00:00,M,B1200,SL,THS_T,IT,2012-09,73.65,
ESTAT:APRO_MT_PWGTM(1.0),29/04/22 23:00:00,M,B1200,SL,THS_T,IT,2012-10,83.86,
ESTAT:APRO_MT_PWGTM(1.0),29/04/22 23:00:00,M,B1200,SL,THS_T,IT,2012-11,76.82,
ESTAT:APRO_MT_PWGTM(1.0),29/04/22 23:00:00,M,B1200,SL,THS_T,IT,2012-12,73.66,
ESTAT:APRO_MT_PWGTM(1.0),29/04/22 23:00:00,M,B1200,SL,THS_T,IT,2013-01,72.17,
ESTAT:APRO_MT_PWGTM(1.0),29/04/22 23:00:00,M,B1200,SL,THS_T,IT,2013-02,58.86,
ESTAT:APRO_MT_PWGTM(1.0),29/04/22 23:00:00,M,B1200,SL,THS_T,IT,2013-03,58.86,
ESTAT:APRO_MT_PWGTM(1.0),29/04/22 23:00:00,M,B1200,SL,THS_T,IT,2013-04,58.73,
ESTAT:APRO_MT_PWGTM(1.0),29/04/22 23:00:00,M,B1200,SL,THS_T,IT,2013-05,58.50,
ESTAT:APRO_MT_PWGTM(1.0),29/04/22 23:00:00,M,B1200,SL,THS_T,IT,2013-06,54.64,
ESTAT:APRO_MT_PWGTM(1.0),29/04/22 23:00:00,M,B1200,SL,THS_T,IT,2013-07,62.96,
ESTAT:APRO_MT_PWGTM(1.0),29/04/22 23:00:00,M,B1200,SL,THS_T,IT,2013-08,60.83,
ESTAT:APRO_MT_PWGTM(1.0),29/04/22 23:00:00,M,B1200,SL,THS_T,IT,2013-09,65.09,
ESTAT:APRO_MT_PWGTM(1.0),29/04/22 23:00:00,M,B1200,SL,THS_T,IT,2013-10,67.60,
ESTAT:APRO_MT_PWGTM(1.0),29/04/22 23:00:00,M,B1200,SL,THS_T,IT,2013-11,62.28,
ESTAT:APRO_MT_PWGTM(1.0),29/04/22 23:00:00,M,B1200,SL,THS_T,IT,2013-12,64.63,
ESTAT:APRO_MT_PWGTM(1.0),29/04/22 23:00:00,M,B1200,SL,THS_T,IT,2014-01,57.69,
ESTAT:APRO_MT_PWGTM(1.0),29/04/22 23:00:00,M,B1200,SL,THS_T,IT,2014-02,44.00,
ESTAT:APRO_MT_PWGTM(1.0),29/04/22 23:00:00,M,B1200,SL,THS_T,IT,2014-03,42.66,
ESTAT:APRO_MT_PWGTM(1.0),29/04/22 23:00:00,M,B1200,SL,THS_T,IT,2014-04,44.69,
ESTAT:APRO_MT_PWGTM(1.0),29/04/22 23:00:00,M,B1200,SL,THS_T,IT,2014-05,47.81,
ESTAT:APRO_MT_PWGTM(1.0),29/04/22 23:00:00,M,B1200,SL,THS_T,IT,2014-06,47.31,
ESTAT:APRO_MT_PWGTM(1.0),29/04/22 23:00:00,M,B1200,SL,THS_T,IT,2014-07,55.03,
ESTAT:APRO_MT_PWGTM(1.0),29/04/22 23:00:00,M,B1200,SL,THS_T,IT,2014-08,46.80,
ESTAT:APRO_MT_PWGTM(1.0),29/04/22 23:00:00,M,B1200,SL,THS_T,IT,2014-09,53.83,
ESTAT:APRO_MT_PWGTM(1.0),29/04/22 23:00:00,M,B1200,SL,THS_T,IT,2014-10,57.41,
ESTAT:APRO_MT_PWGTM(1.0),29/04/22 23:00:00,M,B1200,SL,THS_T,IT,2014-11,50.43,
ESTAT:APRO_MT_PWGTM(1.0),29/04/22 23:00:00,M,B1200,SL,THS_T,IT,2014-12,60.07,
ESTAT:APRO_MT_PWGTM(1.0),29/04/22 23:00:00,M,B1200,SL,THS_T,IT,2015-01,55.17,
ESTAT:APRO_MT_PWGTM(1.0),29/04/22 23:00:00,M,B1200,SL,THS_T,IT,2015-02,51.62,
ESTAT:APRO_MT_PWGTM(1.0),29/04/22 23:00:00,M,B1200,SL,THS_T,IT,2015-03,58.25,
ESTAT:APRO_MT_PWGTM(1.0),29/04/22 23:00:00,M,B1200,SL,THS_T,IT,2015-04,51.57,
ESTAT:APRO_MT_PWGTM(1.0),29/04/22 23:00:00,M,B1200,SL,THS_T,IT,2015-05,53.55,
ESTAT:APRO_MT_PWGTM(1.0),29/04/22 23:00:00,M,B1200,SL,THS_T,IT,2015-06,57.22,
ESTAT:APRO_MT_PWGTM(1.0),29/04/22 23:00:00,M,B1200,SL,THS_T,IT,2015-07,57.82,
ESTAT:APRO_MT_PWGTM(1.0),29/04/22 23:00:00,M,B1200,SL,THS_T,IT,2015-08,56.98,
ESTAT:APRO_MT_PWGTM(1.0),29/04/22 23:00:00,M,B1200,SL,THS_T,IT,2015-09,59.81,
ESTAT:APRO_MT_PWGTM(1.0),29/04/22 23:00:00,M,B1200,SL,THS_T,IT,2015-10,58.67,
ESTAT:APRO_MT_PWGTM(1.0),29/04/22 23:00:00,M,B1200,SL,THS_T,IT,2015-11,61.01,
ESTAT:APRO_MT_PWGTM(1.0),29/04/22 23:00:00,M,B1200,SL,THS_T,IT,2015-12,62.60,
ESTAT:APRO_MT_PWGTM(1.0),29/04/22 23:00:00,M,B1200,SL,THS_T,IT,2016-01,55.77,
ESTAT:APRO_MT_PWGTM(1.0),29/04/22 23:00:00,M,B1200,SL,THS_T,IT,2016-02,53.14,
ESTAT:APRO_MT_PWGTM(1.0),29/04/22 23:00:00,M,B1200,SL,THS_T,IT,2016-03,56.02,
ESTAT:APRO_MT_PWGTM(1.0),29/04/22 23:00:00,M,B1200,SL,THS_T,IT,2016-04,52.90,
ESTAT:APRO_MT_PWGTM(1.0),29/04/22 23:00:00,M,B1200,SL,THS_T,IT,2016-05,56.87,
ESTAT:APRO_MT_PWGTM(1.0),29/04/22 23:00:00,M,B1200,SL,THS_T,IT,2016-06,56.81,
ESTAT:APRO_MT_PWGTM(1.0),29/04/22 23:00:00,M,B1200,SL,THS_T,IT,2016-07,57.23,
ESTAT:APRO_MT_PWGTM(1.0),29/04/22 23:00:00,M,B1200,SL,THS_T,IT,2016-08,59.95,
ESTAT:APRO_MT_PWGTM(1.0),29/04/22 23:00:00,M,B1200,SL,THS_T,IT,2016-09,62.60,
ESTAT:APRO_MT_PWGTM(1.0),29/04/22 23:00:00,M,B1200,SL,THS_T,IT,2016-10,64.46,
ESTAT:APRO_MT_PWGTM(1.0),29/04/22 23:00:00,M,B1200,SL,THS_T,IT,2016-11,59.22,
ESTAT:APRO_MT_PWGTM(1.0),29/04/22 23:00:00,M,B1200,SL,THS_T,IT,2016-12,65.66,
ESTAT:APRO_MT_PWGTM(1.0),29/04/22 23:00:00,M,B1200,SL,THS_T,IT,2017-01,53.53,
ESTAT:APRO_MT_PWGTM(1.0),29/04/22 23:00:00,M,B1200,SL,THS_T,IT,2017-02,49.14,
ESTAT:APRO_MT_PWGTM(1.0),29/04/22 23:00:00,M,B1200,SL,THS_T,IT,2017-03,53.95,
ESTAT:APRO_MT_PWGTM(1.0),29/04/22 23:00:00,M,B1200,SL,THS_T,IT,2017-04,47.52,
ESTAT:APRO_MT_PWGTM(1.0),29/04/22 23:00:00,M,B1200,SL,THS_T,IT,2017-05,52.31,
ESTAT:APRO_MT_PWGTM(1.0),29/04/22 23:00:00,M,B1200,SL,THS_T,IT,2017-06,55.03,
ESTAT:APRO_MT_PWGTM(1.0),29/04/22 23:00:00,M,B1200,SL,THS_T,IT,2017-07,57.61,
ESTAT:APRO_MT_PWGTM(1.0),29/04/22 23:00:00,M,B1200,SL,THS_T,IT,2017-08,56.19,
ESTAT:APRO_MT_PWGTM(1.0),29/04/22 23:00:00,M,B1200,SL,THS_T,IT,2017-09,55.99,
ESTAT:APRO_MT_PWGTM(1.0),29/04/22 23:00:00,M,B1200,SL,THS_T,IT,2017-10,57.12,
ESTAT:APRO_MT_PWGTM(1.0),29/04/22 23:00:00,M,B1200,SL,THS_T,IT,2017-11,54.60,
ESTAT:APRO_MT_PWGTM(1.0),29/04/22 23:00:00,M,B1200,SL,THS_T,IT,2017-12,58.69,
ESTAT:APRO_MT_PWGTM(1.0),29/04/22 23:00:00,M,B1200,SL,THS_T,IT,2018-01,58.01,
ESTAT:APRO_MT_PWGTM(1.0),29/04/22 23:00:00,M,B1200,SL,THS_T,IT,2018-02,53.10,
ESTAT:APRO_MT_PWGTM(1.0),29/04/22 23:00:00,M,B1200,SL,THS_T,IT,2018-03,59.54,
ESTAT:APRO_MT_PWGTM(1.0),29/04/22 23:00:00,M,B1200,SL,THS_T,IT,2018-04,53.44,
ESTAT:APRO_MT_PWGTM(1.0),29/04/22 23:00:00,M,B1200,SL,THS_T,IT,2018-05,58.15,
ESTAT:APRO_MT_PWGTM(1.0),29/04/22 23:00:00,M,B1200,SL,THS_T,IT,2018-06,53.03,
ESTAT:APRO_MT_PWGTM(1.0),29/04/22 23:00:00,M,B1200,SL,THS_T,IT,2018-07,58.42,
ESTAT:APRO_MT_PWGTM(1.0),29/04/22 23:00:00,M,B1200,SL,THS_T,IT,2018-08,66.48,
ESTAT:APRO_MT_PWGTM(1.0),29/04/22 23:00:00,M,B1200,SL,THS_T,IT,2018-09,63.87,
ESTAT:APRO_MT_PWGTM(1.0),29/04/22 23:00:00,M,B1200,SL,THS_T,IT,2018-10,66.48,
ESTAT:APRO_MT_PWGTM(1.0),29/04/22 23:00:00,M,B1200,SL,THS_T,IT,2018-11,63.97,
ESTAT:APRO_MT_PWGTM(1.0),29/04/22 23:00:00,M,B1200,SL,THS_T,IT,2018-12,61.43,
ESTAT:APRO_MT_PWGTM(1.0),29/04/22 23:00:00,M,B1200,SL,THS_T,IT,2019-01,56.79,
ESTAT:APRO_MT_PWGTM(1.0),29/04/22 23:00:00,M,B1200,SL,THS_T,IT,2019-02,51.14,
ESTAT:APRO_MT_PWGTM(1.0),29/04/22 23:00:00,M,B1200,SL,THS_T,IT,2019-03,56.49,
ESTAT:APRO_MT_PWGTM(1.0),29/04/22 23:00:00,M,B1200,SL,THS_T,IT,2019-04,56.94,
ESTAT:APRO_MT_PWGTM(1.0),29/04/22 23:00:00,M,B1200,SL,THS_T,IT,2019-05,54.31,
ESTAT:APRO_MT_PWGTM(1.0),29/04/22 23:00:00,M,B1200,SL,THS_T,IT,2019-06,49.08,
ESTAT:APRO_MT_PWGTM(1.0),29/04/22 23:00:00,M,B1200,SL,THS_T,IT,2019-07,60.69,
ESTAT:APRO_MT_PWGTM(1.0),29/04/22 23:00:00,M,B1200,SL,THS_T,IT,2019-08,57.47,
ESTAT:APRO_MT_PWGTM(1.0),29/04/22 23:00:00,M,B1200,SL,THS_T,IT,2019-09,63.10,
ESTAT:APRO_MT_PWGTM(1.0),29/04/22 23:00:00,M,B1200,SL,THS_T,IT,2019-10,63.03,
ESTAT:APRO_MT_PWGTM(1.0),29/04/22 23:00:00,M,B1200,SL,THS_T,IT,2019-11,59.27,
ESTAT:APRO_MT_PWGTM(1.0),29/04/22 23:00:00,M,B1200,SL,THS_T,IT,2019-12,60.15,
ESTAT:APRO_MT_PWGTM(1.0),29/04/22 23:00:00,M,B1200,SL,THS_T,IT,2020-01,56.23,
ESTAT:APRO_MT_PWGTM(1.0),29/04/22 23:00:00,M,B1200,SL,THS_T,IT,2020-02,53.14,
ESTAT:APRO_MT_PWGTM(1.0),29/04/22 23:00:00,M,B1200,SL,THS_T,IT,2020-03,54.07,
ESTAT:APRO_MT_PWGTM(1.0),29/04/22 23:00:00,M,B1200,SL,THS_T,IT,2020-04,47.76,
ESTAT:APRO_MT_PWGTM(1.0),29/04/22 23:00:00,M,B1200,SL,THS_T,IT,2020-05,52.08,
ESTAT:APRO_MT_PWGTM(1.0),29/04/22 23:00:00,M,B1200,SL,THS_T,IT,2020-06,53.87,
ESTAT:APRO_MT_PWGTM(1.0),29/04/22 23:00:00,M,B1200,SL,THS_T,IT,2020-07,54.59,
ESTAT:APRO_MT_PWGTM(1.0),29/04/22 23:00:00,M,B1200,SL,THS_T,IT,2020-08,52.08,
ESTAT:APRO_MT_PWGTM(1.0),29/04/22 23:00:00,M,B1200,SL,THS_T,IT,2020-09,56.02,
ESTAT:APRO_MT_PWGTM(1.0),29/04/22 23:00:00,M,B1200,SL,THS_T,IT,2020-10,59.79,
ESTAT:APRO_MT_PWGTM(1.0),29/04/22 23:00:00,M,B1200,SL,THS_T,IT,2020-11,50.15,
ESTAT:APRO_MT_PWGTM(1.0),29/04/22 23:00:00,M,B1200,SL,THS_T,IT,2020-12,62.37,
ESTAT:APRO_MT_PWGTM(1.0),29/04/22 23:00:00,M,B1200,SL,THS_T,IT,2021-01,49.14,
ESTAT:APRO_MT_PWGTM(1.0),29/04/22 23:00:00,M,B1200,SL,THS_T,IT,2021-02,51.34,
ESTAT:APRO_MT_PWGTM(1.0),29/04/22 23:00:00,M,B1200,SL,THS_T,IT,2021-03,59.53,
ESTAT:APRO_MT_PWGTM(1.0),29/04/22 23:00:00,M,B1200,SL,THS_T,IT,2021-04,52.60,
ESTAT:APRO_MT_PWGTM(1.0),29/04/22 23:00:00,M,B1200,SL,THS_T,IT,2021-05,48.08,
ESTAT:APRO_MT_PWGTM(1.0),29/04/22 23:00:00,M,B1200,SL,THS_T,IT,2021-06,51.58,
ESTAT:APRO_MT_PWGTM(1.0),29/04/22 23:00:00,M,B1200,SL,THS_T,IT,2021-07,55.91,
ESTAT:APRO_MT_PWGTM(1.0),29/04/22 23:00:00,M,B1200,SL,THS_T,IT,2021-08,54.35,
ESTAT:APRO_MT_PWGTM(1.0),29/04/22 23:00:00,M,B1200,SL,THS_T,IT,2021-09,58.72,
ESTAT:APRO_MT_PWGTM(1.0),29/04/22 23:00:00,M,B1200,SL,THS_T,IT,2021-10,55.91,
ESTAT:APRO_MT_PWGTM(1.0),29/04/22 23:00:00,M,B1200,SL,THS_T,IT,2021-11,57.87,
ESTAT:APRO_MT_PWGTM(1.0),29/04/22 23:00:00,M,B1200,SL,THS_T,IT,2021-12,66.43,
ESTAT:APRO_MT_PWGTM(1.0),29/04/22 23:00:00,M,B1200,SL,THS_T,IT,2022-01,51.38,
ESTAT:APRO_MT_PWGTM(1.0),29/04/22 23:00:00,M,B1200,SL,THS_T,IT,2022-02,51.72,
ESTAT:APRO_MT_PWGTM(1.0),29/04/22 23:00:00,M,B3100,SL,THS_T,IE,1973-01,13.10,
ESTAT:APRO_MT_PWGTM(1.0),29/04/22 23:00:00,M,B3100,SL,THS_T,IE,1973-02,11.20,
ESTAT:APRO_MT_PWGTM(1.0),29/04/22 23:00:00,M,B3100,SL,THS_T,IE,1973-03,12.30,
ESTAT:APRO_MT_PWGTM(1.0),29/04/22 23:00:00,M,B3100,SL,THS_T,IE,1973-04,11.70,
ESTAT:APRO_MT_PWGTM(1.0),29/04/22 23:00:00,M,B3100,SL,THS_T,IE,1973-05,13.00,
ESTAT:APRO_MT_PWGTM(1.0),29/04/22 23:00:00,M,B3100,SL,THS_T,IE,1973-06,10.50,
ESTAT:APRO_MT_PWGTM(1.0),29/04/22 23:00:00,M,B3100,SL,THS_T,IE,1973-07,10.60,
ESTAT:APRO_MT_PWGTM(1.0),29/04/22 23:00:00,M,B3100,SL,THS_T,IE,1973-08,13.00,
ESTAT:APRO_MT_PWGTM(1.0),29/04/22 23:00:00,M,B3100,SL,THS_T,IE,1973-09,11.70,
ESTAT:APRO_MT_PWGTM(1.0),29/04/22 23:00:00,M,B3100,SL,THS_T,IE,1973-10,13.50,
ESTAT:APRO_MT_PWGTM(1.0),29/04/22 23:00:00,M,B3100,SL,THS_T,IE,1973-11,12.50,
ESTAT:APRO_MT_PWGTM(1.0),29/04/22 23:00:00,M,B3100,SL,THS_T,IE,1973-12,10.50,
ESTAT:APRO_MT_PWGTM(1.0),29/04/22 23:00:00,M,B3100,SL,THS_T,IE,1974-01,13.20,
ESTAT:APRO_MT_PWGTM(1.0),29/04/22 23:00:00,M,B3100,SL,THS_T,IE,1974-02,11.80,
ESTAT:APRO_MT_PWGTM(1.0),29/04/22 23:00:00,M,B3100,SL,THS_T,IE,1974-03,11.20,
ESTAT:APRO_MT_PWGTM(1.0),29/04/22 23:00:00,M,B3100,SL,THS_T,IE,1974-04,12.40,
ESTAT:APRO_MT_PWGTM(1.0),29/04/22 23:00:00,M,B3100,SL,THS_T,IE,1974-05,12.50,
ESTAT:APRO_MT_PWGTM(1.0),29/04/22 23:00:00,M,B3100,SL,THS_T,IE,1974-06,10.10,
ESTAT:APRO_MT_PWGTM(1.0),29/04/22 23:00:00,M,B3100,SL,THS_T,IE,1974-07,11.10,
ESTAT:APRO_MT_PWGTM(1.0),29/04/22 23:00:00,M,B3100,SL,THS_T,IE,1974-08,10.20,
ESTAT:APRO_MT_PWGTM(1.0),29/04/22 23:00:00,M,B3100,SL,THS_T,IE,1974-09,10.00,
ESTAT:APRO_MT_PWGTM(1.0),29/04/22 23:00:00,M,B3100,SL,THS_T,IE,1974-10,11.40,
ESTAT:APRO_MT_PWGTM(1.0),29/04/22 23:00:00,M,B3100,SL,THS_T,IE,1974-11,9.20,
ESTAT:APRO_MT_PWGTM(1.0),29/04/22 23:00:00,M,B3100,SL,THS_T,IE,1974-12,8.50,
ESTAT:APRO_MT_PWGTM(1.0),29/04/22 23:00:00,M,B3100,SL,THS_T,IE,1975-01,8.90,
ESTAT:APRO_MT_PWGTM(1.0),29/04/22 23:00:00,M,B3100,SL,THS_T,IE,1975-02,7.40,
ESTAT:APRO_MT_PWGTM(1.0),29/04/22 23:00:00,M,B3100,SL,THS_T,IE,1975-03,7.30,
ESTAT:APRO_MT_PWGTM(1.0),29/04/22 23:00:00,M,B3100,SL,THS_T,IE,1975-04,8.70,
ESTAT:APRO_MT_PWGTM(1.0),29/04/22 23:00:00,M,B3100,SL,THS_T,IE,1975-05,7.50,
ESTAT:APRO_MT_PWGTM(1.0),29/04/22 23:00:00,M,B3100,SL,THS_T,IE,1975-06,6.30,
ESTAT:APRO_MT_PWGTM(1.0),29/04/22 23:00:00,M,B3100,SL,THS_T,IE,1975-07,8.80,
ESTAT:APRO_MT_PWGTM(1.0),29/04/22 23:00:00,M,B3100,SL,THS_T,IE,1975-08,7.90,
ESTAT:APRO_MT_PWGTM(1.0),29/04/22 23:00:00,M,B3100,SL,THS_T,IE,1975-09,9.00,
ESTAT:APRO_MT_PWGTM(1.0),29/04/22 23:00:00,M,B3100,SL,THS_T,IE,1975-10,9.60,
ESTAT:APRO_MT_PWGTM(1.0),29/04/22 23:00:00,M,B3100,SL,THS_T,IE,1975-11,8.20,
ESTAT:APRO_MT_PWGTM(1.0),29/04/22 23:00:00,M,B3100,SL,THS_T,IE,1975-12,9.00,
ESTAT:APRO_MT_PWGTM(1.0),29/04/22 23:00:00,M,B3100,SL,THS_T,IE,1976-01,9.00,
ESTAT:APRO_MT_PWGTM(1.0),29/04/22 23:00:00,M,B3100,SL,THS_T,IE,1976-02,8.30,
ESTAT:APRO_MT_PWGTM(1.0),29/04/22 23:00:00,M,B3100,SL,THS_T,IE,1976-03,9.90,
ESTAT:APRO_MT_PWGTM(1.0),29/04/22 23:00:00,M,B3100,SL,THS_T,IE,1976-04,9.20,
ESTAT:APRO_MT_PWGTM(1.0),29/04/22 23:00:00,M,B3100,SL,THS_T,IE,1976-05,9.10,
ESTAT:APRO_MT_PWGTM(1.0),29/04/22 23:00:00,M,B3100,SL,THS_T,IE,1976-06,9.70,
ESTAT:APRO_MT_PWGTM(1.0),29/04/22 23:00:00,M,B3100,SL,THS_T,IE,1976-07,9.60,
ESTAT:APRO_MT_PWGTM(1.0),29/04/22 23:00:00,M,B3100,SL,THS_T,IE,1976-08,11.10,
ESTAT:APRO_MT_PWGTM(1.0),29/04/22 23:00:00,M,B3100,SL,THS_T,IE,1976-09,12.70,
ESTAT:APRO_MT_PWGTM(1.0),29/04/22 23:00:00,M,B3100,SL,THS_T,IE,1976-10,11.30,
ESTAT:APRO_MT_PWGTM(1.0),29/04/22 23:00:00,M,B3100,SL,THS_T,IE,1976-11,12.00,
ESTAT:APRO_MT_PWGTM(1.0),29/04/22 23:00:00,M,B3100,SL,THS_T,IE,1976-12,10.50,
ESTAT:APRO_MT_PWGTM(1.0),29/04/22 23:00:00,M,B3100,SL,THS_T,IE,1977-01,10.90,
ESTAT:APRO_MT_PWGTM(1.0),29/04/22 23:00:00,M,B3100,SL,THS_T,IE,1977-02,10.70,
ESTAT:APRO_MT_PWGTM(1.0),29/04/22 23:00:00,M,B3100,SL,THS_T,IE,1977-03,12.30,
ESTAT:APRO_MT_PWGTM(1.0),29/04/22 23:00:00,M,B3100,SL,THS_T,IE,1977-04,10.30,
ESTAT:APRO_MT_PWGTM(1.0),29/04/22 23:00:00,M,B3100,SL,THS_T,IE,1977-05,10.40,
ESTAT:APRO_MT_PWGTM(1.0),29/04/22 23:00:00,M,B3100,SL,THS_T,IE,1977-06,10.40,
ESTAT:APRO_MT_PWGTM(1.0),29/04/22 23:00:00,M,B3100,SL,THS_T,IE,1977-07,9.90,
ESTAT:APRO_MT_PWGTM(1.0),29/04/22 23:00:00,M,B3100,SL,THS_T,IE,1977-08,11.20,
ESTAT:APRO_MT_PWGTM(1.0),29/04/22 23:00:00,M,B3100,SL,THS_T,IE,1977-09,11.00,
ESTAT:APRO_MT_PWGTM(1.0),29/04/22 23:00:00,M,B3100,SL,THS_T,IE,1977-10,10.30,
ESTAT:APRO_MT_PWGTM(1.0),29/04/22 23:00:00,M,B3100,SL,THS_T,IE,1977-11,10.90,
ESTAT:APRO_MT_PWGTM(1.0),29/04/22 23:00:00,M,B3100,SL,THS_T,IE,1977-12,10.00,
ESTAT:APRO_MT_PWGTM(1.0),29/04/22 23:00:00,M,B3100,SL,THS_T,IE,1978-01,10.90,
ESTAT:APRO_MT_PWGTM(1.0),29/04/22 23:00:00,M,B3100,SL,THS_T,IE,1978-02,9.40,
ESTAT:APRO_MT_PWGTM(1.0),29/04/22 23:00:00,M,B3100,SL,THS_T,IE,1978-03,10.90,
ESTAT:APRO_MT_PWGTM(1.0),29/04/22 23:00:00,M,B3100,SL,THS_T,IE,1978-04,10.00,
ESTAT:APRO_MT_PWGTM(1.0),29/04/22 23:00:00,M,B3100,SL,THS_T,IE,1978-05,11.20,
ESTAT:APRO_MT_PWGTM(1.0),29/04/22 23:00:00,M,B3100,SL,THS_T,IE,1978-06,10.70,
ESTAT:APRO_MT_PWGTM(1.0),29/04/22 23:00:00,M,B3100,SL,THS_T,IE,1978-07,10.80,
ESTAT:APRO_MT_PWGTM(1.0),29/04/22 23:00:00,M,B3100,SL,THS_T,IE,1978-08,11.80,
ESTAT:APRO_MT_PWGTM(1.0),29/04/22 23:00:00,M,B3100,SL,THS_T,IE,1978-09,11.90,
ESTAT:APRO_MT_PWGTM(1.0),29/04/22 23:00:00,M,B3100,SL,THS_T,IE,1978-10,12.60,
ESTAT:APRO_MT_PWGTM(1.0),29/04/22 23:00:00,M,B3100,SL,THS_T,IE,1978-11,12.70,
ESTAT:APRO_MT_PWGTM(1.0),29/04/22 23:00:00,M,B3100,SL,THS_T,IE,1978-12,10.40,
ESTAT:APRO_MT_PWGTM(1.0),29/04/22 23:00:00,M,B3100,SL,THS_T,IE,1979-01,14.20,
ESTAT:APRO_MT_PWGTM(1.0),29/04/22 23:00:00,M,B3100,SL,THS_T,IE,1979-02,11.70,
ESTAT:APRO_MT_PWGTM(1.0),29/04/22 23:00:00,M,B3100,SL,THS_T,IE,1979-03,11.90,
ESTAT:APRO_MT_PWGTM(1.0),29/04/22 23:00:00,M,B3100,SL,THS_T,IE,1979-04,11.60,
ESTAT:APRO_MT_PWGTM(1.0),29/04/22 23:00:00,M,B3100,SL,THS_T,IE,1979-05,14.60,
ESTAT:APRO_MT_PWGTM(1.0),29/04/22 23:00:00,M,B3100,SL,THS_T,IE,1979-06,11.30,
ESTAT:APRO_MT_PWGTM(1.0),29/04/22 23:00:00,M,B3100,SL,THS_T,IE,1979-07,11.50,
ESTAT:APRO_MT_PWGTM(1.0),29/04/22 23:00:00,M,B3100,SL,THS_T,IE,1979-08,14.60,
ESTAT:APRO_MT_PWGTM(1.0),29/04/22 23:00:00,M,B3100,SL,THS_T,IE,1979-09,12.50,
ESTAT:APRO_MT_PWGTM(1.0),29/04/22 23:00:00,M,B3100,SL,THS_T,IE,1979-10,15.20,
ESTAT:APRO_MT_PWGTM(1.0),29/04/22 23:00:00,M,B3100,SL,THS_T,IE,1979-11,12.60,
ESTAT:APRO_MT_PWGTM(1.0),29/04/22 23:00:00,M,B3100,SL,THS_T,IE,1979-12,10.00,
ESTAT:APRO_MT_PWGTM(1.0),29/04/22 23:00:00,M,B3100,SL,THS_T,IE,1980-01,14.10,
ESTAT:APRO_MT_PWGTM(1.0),29/04/22 23:00:00,M,B3100,SL,THS_T,IE,1980-02,12.60,
ESTAT:APRO_MT_PWGTM(1.0),29/04/22 23:00:00,M,B3100,SL,THS_T,IE,1980-03,11.90,
ESTAT:APRO_MT_PWGTM(1.0),29/04/22 23:00:00,M,B3100,SL,THS_T,IE,1980-04,12.70,
ESTAT:APRO_MT_PWGTM(1.0),29/04/22 23:00:00,M,B3100,SL,THS_T,IE,1980-05,12.30,
ESTAT:APRO_MT_PWGTM(1.0),29/04/22 23:00:00,M,B3100,SL,THS_T,IE,1980-06,11.90,
ESTAT:APRO_MT_PWGTM(1.0),29/04/22 23:00:00,M,B3100,SL,THS_T,IE,1980-07,13.20,
ESTAT:APRO_MT_PWGTM(1.0),29/04/22 23:00:00,M,B3100,SL,THS_T,IE,1980-08,12.30,
ESTAT:APRO_MT_PWGTM(1.0),29/04/22 23:00:00,M,B3100,SL,THS_T,IE,1980-09,12.90,
ESTAT:APRO_MT_PWGTM(1.0),29/04/22 23:00:00,M,B3100,SL,THS_T,IE,1980-10,13.70,
ESTAT:APRO_MT_PWGTM(1.0),29/04/22 23:00:00,M,B3100,SL,THS_T,IE,1980-11,12.90,
ESTAT:APRO_MT_PWGTM(1.0),29/04/22 23:00:00,M,B3100,SL,THS_T,IE,1980-12,12.90,
ESTAT:APRO_MT_PWGTM(1.0),29/04/22 23:00:00,M,B3100,SL,THS_T,IE,1981-01,13.30,
ESTAT:APRO_MT_PWGTM(1.0),29/04/22 23:00:00,M,B3100,SL,THS_T,IE,1981-02,11.60,
ESTAT:APRO_MT_PWGTM(1.0),29/04/22 23:00:00,M,B3100,SL,THS_T,IE,1981-03,12.90,
ESTAT:APRO_MT_PWGTM(1.0),29/04/22 23:00:00,M,B3100,SL,THS_T,IE,1981-04,11.70,
ESTAT:APRO_MT_PWGTM(1.0),29/04/22 23:00:00,M,B3100,SL,THS_T,IE,1981-05,11.60,
ESTAT:APRO_MT_PWGTM(1.0),29/04/22 23:00:00,M,B3100,SL,THS_T,IE,1981-06,12.60,
ESTAT:APRO_MT_PWGTM(1.0),29/04/22 23:00:00,M,B3100,SL,THS_T,IE,1981-07,13.10,
ESTAT:APRO_MT_PWGTM(1.0),29/04/22 23:00:00,M,B3100,SL,THS_T,IE,1981-08,12.30,
ESTAT:APRO_MT_PWGTM(1.0),29/04/22 23:00:00,M,B3100,SL,THS_T,IE,1981-09,13.90,
ESTAT:APRO_MT_PWGTM(1.0),29/04/22 23:00:00,M,B3100,SL,THS_T,IE,1981-10,13.00,
ESTAT:APRO_MT_PWGTM(1.0),29/04/22 23:00:00,M,B3100,SL,THS_T,IE,1981-11,12.30,
ESTAT:APRO_MT_PWGTM(1.0),29/04/22 23:00:00,M,B3100,SL,THS_T,IE,1981-12,11.60,
ESTAT:APRO_MT_PWGTM(1.0),29/04/22 23:00:00,M,B3100,SL,THS_T,IE,1982-01,11.70,
ESTAT:APRO_MT_PWGTM(1.0),29/04/22 23:00:00,M,B3100,SL,THS_T,IE,1982-02,11.80,
ESTAT:APRO_MT_PWGTM(1.0),29/04/22 23:00:00,M,B3100,SL,THS_T,IE,1982-03,13.20,
ESTAT:APRO_MT_PWGTM(1.0),29/04/22 23:00:00,M,B3100,SL,THS_T,IE,1982-04,12.10,
ESTAT:APRO_MT_PWGTM(1.0),29/04/22 23:00:00,M,B3100,SL,THS_T,IE,1982-05,11.90,
ESTAT:APRO_MT_PWGTM(1.0),29/04/22 23:00:00,M,B3100,SL,THS_T,IE,1982-06,12.70,
ESTAT:APRO_MT_PWGTM(1.0),29/04/22 23:00:00,M,B3100,SL,THS_T,IE,1982-07,13.00,
ESTAT:APRO_MT_PWGTM(1.0),29/04/22 23:00:00,M,B3100,SL,THS_T,IE,1982-08,13.20,
ESTAT:APRO_MT_PWGTM(1.0),29/04/22 23:00:00,M,B3100,SL,THS_T,IE,1982-09,14.10,
ESTAT:APRO_MT_PWGTM(1.0),29/04/22 23:00:00,M,B3100,SL,THS_T,IE,1982-10,12.90,
ESTAT:APRO_MT_PWGTM(1.0),29/04/22 23:00:00,M,B3100,SL,THS_T,IE,1982-11,14.40,
ESTAT:APRO_MT_PWGTM(1.0),29/04/22 23:00:00,M,B3100,SL,THS_T,IE,1982-12,12.30,
ESTAT:APRO_MT_PWGTM(1.0),29/04/22 23:00:00,M,B3100,SL,THS_T,IE,1983-01,13.70,
ESTAT:APRO_MT_PWGTM(1.0),29/04/22 23:00:00,M,B3100,SL,THS_T,IE,1983-02,13.10,
ESTAT:APRO_MT_PWGTM(1.0),29/04/22 23:00:00,M,B3100,SL,THS_T,IE,1983-03,14.80,
ESTAT:APRO_MT_PWGTM(1.0),29/04/22 23:00:00,M,B3100,SL,THS_T,IE,1983-04,12.60,
ESTAT:APRO_MT_PWGTM(1.0),29/04/22 23:00:00,M,B3100,SL,THS_T,IE,1983-05,13.50,
ESTAT:APRO_MT_PWGTM(1.0),29/04/22 23:00:00,M,B3100,SL,THS_T,IE,1983-06,13.20,
ESTAT:APRO_MT_PWGTM(1.0),29/04/22 23:00:00,M,B3100,SL,THS_T,IE,1983-07,12.40,
ESTAT:APRO_MT_PWGTM(1.0),29/04/22 23:00:00,M,B3100,SL,THS_T,IE,1983-08,14.20,
ESTAT:APRO_MT_PWGTM(1.0),29/04/22 23:00:00,M,B3100,SL,THS_T,IE,1983-09,14.10,
ESTAT:APRO_MT_PWGTM(1.0),29/04/22 23:00:00,M,B3100,SL,THS_T,IE,1983-10,13.20,
ESTAT:APRO_MT_PWGTM(1.0),29/04/22 23:00:00,M,B3100,SL,THS_T,IE,1983-11,14.00,
ESTAT:APRO_MT_PWGTM(1.0),29/04/22 23:00:00,M,B3100,SL,THS_T,IE,1983-12,12.10,
ESTAT:APRO_MT_PWGTM(1.0),29/04/22 23:00:00,M,B3100,SL,THS_T,IE,1984-01,13.60,
ESTAT:APRO_MT_PWGTM(1.0),29/04/22 23:00:00,M,B3100,SL,THS_T,IE,1984-02,13.90,
ESTAT:APRO_MT_PWGTM(1.0),29/04/22 23:00:00,M,B3100,SL,THS_T,IE,1984-03,13.50,
ESTAT:APRO_MT_PWGTM(1.0),29/04/22 23:00:00,M,B3100,SL,THS_T,IE,1984-04,11.90,
ESTAT:APRO_MT_PWGTM(1.0),29/04/22 23:00:00,M,B3100,SL,THS_T,IE,1984-05,13.00,
ESTAT:APRO_MT_PWGTM(1.0),29/04/22 23:00:00,M,B3100,SL,THS_T,IE,1984-06,11.20,
ESTAT:APRO_MT_PWGTM(1.0),29/04/22 23:00:00,M,B3100,SL,THS_T,IE,1984-07,12.30,
ESTAT:APRO_MT_PWGTM(1.0),29/04/22 23:00:00,M,B3100,SL,THS_T,IE,1984-08,12.60,
ESTAT:APRO_MT_PWGTM(1.0),29/04/22 23:00:00,M,B3100,SL,THS_T,IE,1984-09,11.10,
ESTAT:APRO_MT_PWGTM(1.0),29/04/22 23:00:00,M,B3100,SL,THS_T,IE,1984-10,9.50,
ESTAT:APRO_MT_PWGTM(1.0),29/04/22 23:00:00,M,B3100,SL,THS_T,IE,1984-11,12.30,
ESTAT:APRO_MT_PWGTM(1.0),29/04/22 23:00:00,M,B3100,SL,THS_T,IE,1984-12,8.70,
ESTAT:APRO_MT_PWGTM(1.0),29/04/22 23:00:00,M,B3100,SL,THS_T,IE,1985-01,12.10,
ESTAT:APRO_MT_PWGTM(1.0),29/04/22 23:00:00,M,B3100,SL,THS_T,IE,1985-02,10.50,
ESTAT:APRO_MT_PWGTM(1.0),29/04/22 23:00:00,M,B3100,SL,THS_T,IE,1985-03,10.80,
ESTAT:APRO_MT_PWGTM(1.0),29/04/22 23:00:00,M,B3100,SL,THS_T,IE,1985-04,10.80,
ESTAT:APRO_MT_PWGTM(1.0),29/04/22 23:00:00,M,B3100,SL,THS_T,IE,1985-05,11.10,
ESTAT:APRO_MT_PWGTM(1.0),29/04/22 23:00:00,M,B3100,SL,THS_T,IE,1985-06,9.90,
ESTAT:APRO_MT_PWGTM(1.0),29/04/22 23:00:00,M,B3100,SL,THS_T,IE,1985-07,12.00,
ESTAT:APRO_MT_PWGTM(1.0),29/04/22 23:00:00,M,B3100,SL,THS_T,IE,1985-08,11.30,
ESTAT:APRO_MT_PWGTM(1.0),29/04/22 23:00:00,M,B3100,SL,THS_T,IE,1985-09,12.00,
ESTAT:APRO_MT_PWGTM(1.0),29/04/22 23:00:00,M,B3100,SL,THS_T,IE,1985-10,12.40,
ESTAT:APRO_MT_PWGTM(1.0),29/04/22 23:00:00,M,B3100,SL,THS_T,IE,1985-11,11.80,
ESTAT:APRO_MT_PWGTM(1.0),29/04/22 23:00:00,M,B3100,SL,THS_T,IE,1985-12,10.90,
ESTAT:APRO_MT_PWGTM(1.0),29/04/22 23:00:00,M,B3100,SL,THS_T,IE,1986-01,12.90,
ESTAT:APRO_MT_PWGTM(1.0),29/04/22 23:00:00,M,B3100,SL,THS_T,IE,1986-02,10.40,
ESTAT:APRO_MT_PWGTM(1.0),29/04/22 23:00:00,M,B3100,SL,THS_T,IE,1986-03,11.00,
ESTAT:APRO_MT_PWGTM(1.0),29/04/22 23:00:00,M,B3100,SL,THS_T,IE,1986-04,12.20,
ESTAT:APRO_MT_PWGTM(1.0),29/04/22 23:00:00,M,B3100,SL,THS_T,IE,1986-05,11.10,
ESTAT:APRO_MT_PWGTM(1.0),29/04/22 23:00:00,M,B3100,SL,THS_T,IE,1986-06,10.40,
ESTAT:APRO_MT_PWGTM(1.0),29/04/22 23:00:00,M,B3100,SL,THS_T,IE,1986-07,11.90,
ESTAT:APRO_MT_PWGTM(1.0),29/04/22 23:00:00,M,B3100,SL,THS_T,IE,1986-08,11.10,
ESTAT:APRO_MT_PWGTM(1.0),29/04/22 23:00:00,M,B3100,SL,THS_T,IE,1986-09,11.90,
ESTAT:APRO_MT_PWGTM(1.0),29/04/22 23:00:00,M,B3100,SL,THS_T,IE,1986-10,12.50,
ESTAT:APRO_MT_PWGTM(1.0),29/04/22 23:00:00,M,B3100,SL,THS_T,IE,1986-11,11.50,
ESTAT:APRO_MT_PWGTM(1.0),29/04/22 23:00:00,M,B3100,SL,THS_T,IE,1986-12,11.40,
ESTAT:APRO_MT_PWGTM(1.0),29/04/22 23:00:00,M,B3100,SL,THS_T,IE,1987-01,11.90,
ESTAT:APRO_MT_PWGTM(1.0),29/04/22 23:00:00,M,B3100,SL,THS_T,IE,1987-02,11.50,
ESTAT:APRO_MT_PWGTM(1.0),29/04/22 23:00:00,M,B3100,SL,THS_T,IE,1987-03,12.30,
ESTAT:APRO_MT_PWGTM(1.0),29/04/22 23:00:00,M,B3100,SL,THS_T,IE,1987-04,12.40,
ESTAT:APRO_MT_PWGTM(1.0),29/04/22 23:00:00,M,B3100,SL,THS_T,IE,1987-05,11.50,
ESTAT:APRO_MT_PWGTM(1.0),29/04/22 23:00:00,M,B3100,SL,THS_T,IE,1987-06,12.30,
ESTAT:APRO_MT_PWGTM(1.0),29/04/22 23:00:00,M,B3100,SL,THS_T,IE,1987-07,12.50,
ESTAT:APRO_MT_PWGTM(1.0),29/04/22 23:00:00,M,B3100,SL,THS_T,IE,1987-08,11.20,
ESTAT:APRO_MT_PWGTM(1.0),29/04/22 23:00:00,M,B3100,SL,THS_T,IE,1987-09,12.00,
ESTAT:APRO_MT_PWGTM(1.0),29/04/22 23:00:00,M,B3100,SL,THS_T,IE,1987-10,11.90,
ESTAT:APRO_MT_PWGTM(1.0),29/04/22 23:00:00,M,B3100,SL,THS_T,IE,1987-11,12.50,
ESTAT:APRO_MT_PWGTM(1.0),29/04/22 23:00:00,M,B3100,SL,THS_T,IE,1987-12,11.20,
ESTAT:APRO_MT_PWGTM(1.0),29/04/22 23:00:00,M,B3100,SL,THS_T,IE,1988-01,12.30,
ESTAT:APRO_MT_PWGTM(1.0),29/04/22 23:00:00,M,B3100,SL,THS_T,IE,1988-02,11.90,
ESTAT:APRO_MT_PWGTM(1.0),29/04/22 23:00:00,M,B3100,SL,THS_T,IE,1988-03,12.80,
ESTAT:APRO_MT_PWGTM(1.0),29/04/22 23:00:00,M,B3100,SL,THS_T,IE,1988-04,11.20,
ESTAT:APRO_MT_PWGTM(1.0),29/04/22 23:00:00,M,B3100,SL,THS_T,IE,1988-05,12.10,
ESTAT:APRO_MT_PWGTM(1.0),29/04/22 23:00:00,M,B3100,SL,THS_T,IE,1988-06,12.20,
ESTAT:APRO_MT_PWGTM(1.0),29/04/22 23:00:00,M,B3100,SL,THS_T,IE,1988-07,11.80,
ESTAT:APRO_MT_PWGTM(1.0),29/04/22 23:00:00,M,B3100,SL,THS_T,IE,1988-08,13.00,
ESTAT:APRO_MT_PWGTM(1.0),29/04/22 23:00:00,M,B3100,SL,THS_T,IE,1988-09,13.20,
ESTAT:APRO_MT_PWGTM(1.0),29/04/22 23:00:00,M,B3100,SL,THS_T,IE,1988-10,12.10,
ESTAT:APRO_MT_PWGTM(1.0),29/04/22 23:00:00,M,B3100,SL,THS_T,IE,1988-11,13.40,
ESTAT:APRO_MT_PWGTM(1.0),29/04/22 23:00:00,M,B3100,SL,THS_T,IE,1988-12,11.50,
ESTAT:APRO_MT_PWGTM(1.0),29/04/22 23:00:00,M,B3100,SL,THS_T,IE,1989-01,12.60,
ESTAT:APRO_MT_PWGTM(1.0),29/04/22 23:00:00,M,B3100,SL,THS_T,IE,1989-02,11.30,
ESTAT:APRO_MT_PWGTM(1.0),29/04/22 23:00:00,M,B3100,SL,THS_T,IE,1989-03,12.00,
ESTAT:APRO_MT_PWGTM(1.0),29/04/22 23:00:00,M,B3100,SL,THS_T,IE,1989-04,11.30,
ESTAT:APRO_MT_PWGTM(1.0),29/04/22 23:00:00,M,B3100,SL,THS_T,IE,1989-05,12.90,
ESTAT:APRO_MT_PWGTM(1.0),29/04/22 23:00:00,M,B3100,SL,THS_T,IE,1989-06,11.90,
ESTAT:APRO_MT_PWGTM(1.0),29/04/22 23:00:00,M,B3100,SL,THS_T,IE,1989-07,11.70,
ESTAT:APRO_MT_PWGTM(1.0),29/04/22 23:00:00,M,B3100,SL,THS_T,IE,1989-08,12.70,
ESTAT:APRO_MT_PWGTM(1.0),29/04/22 23:00:00,M,B3100,SL,THS_T,IE,1989-09,11.20,
ESTAT:APRO_MT_PWGTM(1.0),29/04/22 23:00:00,M,B3100,SL,THS_T,IE,1989-10,12.10,
ESTAT:APRO_MT_PWGTM(1.0),29/04/22 23:00:00,M,B3100,SL,THS_T,IE,1989-11,13.60,
ESTAT:APRO_MT_PWGTM(1.0),29/04/22 23:00:00,M,B3100,SL,THS_T,IE,1989-12,10.60,
ESTAT:APRO_MT_PWGTM(1.0),29/04/22 23:00:00,M,B3100,SL,THS_T,IE,1990-01,13.60,
ESTAT:APRO_MT_PWGTM(1.0),29/04/22 23:00:00,M,B3100,SL,THS_T,IE,1990-02,10.80,
ESTAT:APRO_MT_PWGTM(1.0),29/04/22 23:00:00,M,B3100,SL,THS_T,IE,1990-03,12.90,
ESTAT:APRO_MT_PWGTM(1.0),29/04/22 23:00:00,M,B3100,SL,THS_T,IE,1990-04,12.10,
ESTAT:APRO_MT_PWGTM(1.0),29/04/22 23:00:00,M,B3100,SL,THS_T,IE,1990-05,13.10,
ESTAT:APRO_MT_PWGTM(1.0),29/04/22 23:00:00,M,B3100,SL,THS_T,IE,1990-06,12.20,
ESTAT:APRO_MT_PWGTM(1.0),29/04/22 23:00:00,M,B3100,SL,THS_T,IE,1990-07,13.20,
ESTAT:APRO_MT_PWGTM(1.0),29/04/22 23:00:00,M,B3100,SL,THS_T,IE,1990-08,13.70,
ESTAT:APRO_MT_PWGTM(1.0),29/04/22 23:00:00,M,B3100,SL,THS_T,IE,1990-09,12.80,
ESTAT:APRO_MT_PWGTM(1.0),29/04/22 23:00:00,M,B3100,SL,THS_T,IE,1990-10,14.60,
ESTAT:APRO_MT_PWGTM(1.0),29/04/22 23:00:00,M,B3100,SL,THS_T,IE,1990-11,15.40,
ESTAT:APRO_MT_PWGTM(1.0),29/04/22 23:00:00,M,B3100,SL,THS_T,IE,1990-12,12.20,
ESTAT:APRO_MT_PWGTM(1.0),29/04/22 23:00:00,M,B3100,SL,THS_T,IE,1991-01,15.20,
ESTAT:APRO_MT_PWGTM(1.0),29/04/22 23:00:00,M,B3100,SL,THS_T,IE,1991-02,13.10,
ESTAT:APRO_MT_PWGTM(1.0),29/04/22 23:00:00,M,B3100,SL,THS_T,IE,1991-03,13.90,
ESTAT:APRO_MT_PWGTM(1.0),29/04/22 23:00:00,M,B3100,SL,THS_T,IE,1991-04,14.30,
ESTAT:APRO_MT_PWGTM(1.0),29/04/22 23:00:00,M,B3100,SL,THS_T,IE,1991-05,14.50,
ESTAT:APRO_MT_PWGTM(1.0),29/04/22 23:00:00,M,B3100,SL,THS_T,IE,1991-06,12.90,
ESTAT:APRO_MT_PWGTM(1.0),29/04/22 23:00:00,M,B3100,SL,THS_T,IE,1991-07,16.00,
ESTAT:APRO_MT_PWGTM(1.0),29/04/22 23:00:00,M,B3100,SL,THS_T,IE,1991-08,15.10,
ESTAT:APRO_MT_PWGTM(1.0),29/04/22 23:00:00,M,B3100,SL,THS_T,IE,1991-09,15.70,
ESTAT:APRO_MT_PWGTM(1.0),29/04/22 23:00:00,M,B3100,SL,THS_T,IE,1991-10,17.10,
ESTAT:APRO_MT_PWGTM(1.0),29/04/22 23:00:00,M,B3100,SL,THS_T,IE,1991-11,16.70,
ESTAT:APRO_MT_PWGTM(1.0),29/04/22 23:00:00,M,B3100,SL,THS_T,IE,1991-12,15.10,
ESTAT:APRO_MT_PWGTM(1.0),29/04/22 23:00:00,M,B3100,SL,THS_T,IE,1992-01,17.90,
ESTAT:APRO_MT_PWGTM(1.0),29/04/22 23:00:00,M,B3100,SL,THS_T,IE,1992-02,15.00,
ESTAT:APRO_MT_PWGTM(1.0),29/04/22 23:00:00,M,B3100,SL,THS_T,IE,1992-03,16.50,
ESTAT:APRO_MT_PWGTM(1.0),29/04/22 23:00:00,M,B3100,SL,THS_T,IE,1992-04,16.00,
ESTAT:APRO_MT_PWGTM(1.0),29/04/22 23:00:00,M,B3100,SL,THS_T,IE,1992-05,15.90,
ESTAT:APRO_MT_PWGTM(1.0),29/04/22 23:00:00,M,B3100,SL,THS_T,IE,1992-06,16.30,
ESTAT:APRO_MT_PWGTM(1.0),29/04/22 23:00:00,M,B3100,SL,THS_T,IE,1992-07,17.90,
ESTAT:APRO_MT_PWGTM(1.0),29/04/22 23:00:00,M,B3100,SL,THS_T,IE,1992-08,16.30,
ESTAT:APRO_MT_PWGTM(1.0),29/04/22 23:00:00,M,B3100,SL,THS_T,IE,1992-09,18.20,
ESTAT:APRO_MT_PWGTM(1.0),29/04/22 23:00:00,M,B3100,SL,THS_T,IE,1992-10,17.20,
ESTAT:APRO_MT_PWGTM(1.0),29/04/22 23:00:00,M,B3100,SL,THS_T,IE,1992-11,18.40,
ESTAT:APRO_MT_PWGTM(1.0),29/04/22 23:00:00,M,B3100,SL,THS_T,IE,1992-12,16.70,
ESTAT:APRO_MT_PWGTM(1.0),29/04/22 23:00:00,M,B3100,SL,THS_T,IE,1993-01,17.80,
ESTAT:APRO_MT_PWGTM(1.0),29/04/22 23:00:00,M,B3100,SL,THS_T,IE,1993-02,15.30,
ESTAT:APRO_MT_PWGTM(1.0),29/04/22 23:00:00,M,B3100,SL,THS_T,IE,1993-03,18.40,
ESTAT:APRO_MT_PWGTM(1.0),29/04/22 23:00:00,M,B3100,SL,THS_T,IE,1993-04,17.10,
ESTAT:APRO_MT_PWGTM(1.0),29/04/22 23:00:00,M,B3100,SL,THS_T,IE,1993-05,17.20,
ESTAT:APRO_MT_PWGTM(1.0),29/04/22 23:00:00,M,B3100,SL,THS_T,IE,1993-06,17.60,
ESTAT:APRO_MT_PWGTM(1.0),29/04/22 23:00:00,M,B3100,SL,THS_T,IE,1993-07,17.50,
ESTAT:APRO_MT_PWGTM(1.0),29/04/22 23:00:00,M,B3100,SL,THS_T,IE,1993-08,18.30,
ESTAT:APRO_MT_PWGTM(1.0),29/04/22 23:00:00,M,B3100,SL,THS_T,IE,1993-09,19.00,
ESTAT:APRO_MT_PWGTM(1.0),29/04/22 23:00:00,M,B3100,SL,THS_T,IE,1993-10,17.70,
ESTAT:APRO_MT_PWGTM(1.0),29/04/22 23:00:00,M,B3100,SL,THS_T,IE,1993-11,19.20,
ESTAT:APRO_MT_PWGTM(1.0),29/04/22 23:00:00,M,B3100,SL,THS_T,IE,1993-12,16.90,
ESTAT:APRO_MT_PWGTM(1.0),29/04/22 23:00:00,M,B3100,SL,THS_T,IE,1994-01,16.80,
ESTAT:APRO_MT_PWGTM(1.0),29/04/22 23:00:00,M,B3100,SL,THS_T,IE,1994-02,15.40,
ESTAT:APRO_MT_PWGTM(1.0),29/04/22 23:00:00,M,B3100,SL,THS_T,IE,1994-03,19.00,
ESTAT:APRO_MT_PWGTM(1.0),29/04/22 23:00:00,M,B3100,SL,THS_T,IE,1994-04,16.90,
ESTAT:APRO_MT_PWGTM(1.0),29/04/22 23:00:00,M,B3100,SL,THS_T,IE,1994-05,16.90,
ESTAT:APRO_MT_PWGTM(1.0),29/04/22 23:00:00,M,B3100,SL,THS_T,IE,1994-06,18.90,
ESTAT:APRO_MT_PWGTM(1.0),29/04/22 23:00:00,M,B3100,SL,THS_T,IE,1994-07,17.90,
ESTAT:APRO_MT_PWGTM(1.0),29/04/22 23:00:00,M,B3100,SL,THS_T,IE,1994-08,18.70,
ESTAT:APRO_MT_PWGTM(1.0),29/04/22 23:00:00,M,B3100,SL,THS_T,IE,1994-09,18.60,
ESTAT:APRO_MT_PWGTM(1.0),29/04/22 23:00:00,M,B3100,SL,THS_T,IE,1994-10,17.80,
ESTAT:APRO_MT_PWGTM(1.0),29/04/22 23:00:00,M,B3100,SL,THS_T,IE,1994-11,19.70,
ESTAT:APRO_MT_PWGTM(1.0),29/04/22 23:00:00,M,B3100,SL,THS_T,IE,1994-12,18.20,
ESTAT:APRO_MT_PWGTM(1.0),29/04/22 23:00:00,M,B3100,SL,THS_T,IE,1995-01,19.00,
ESTAT:APRO_MT_PWGTM(1.0),29/04/22 23:00:00,M,B3100,SL,THS_T,IE,1995-02,16.60,
ESTAT:APRO_MT_PWGTM(1.0),29/04/22 23:00:00,M,B3100,SL,THS_T,IE,1995-03,18.20,
ESTAT:APRO_MT_PWGTM(1.0),29/04/22 23:00:00,M,B3100,SL,THS_T,IE,1995-04,16.20,
ESTAT:APRO_MT_PWGTM(1.0),29/04/22 23:00:00,M,B3100,SL,THS_T,IE,1995-05,18.00,
ESTAT:APRO_MT_PWGTM(1.0),29/04/22 23:00:00,M,B3100,SL,THS_T,IE,1995-06,17.80,
ESTAT:APRO_MT_PWGTM(1.0),29/04/22 23:00:00,M,B3100,SL,THS_T,IE,1995-07,16.50,
ESTAT:APRO_MT_PWGTM(1.0),29/04/22 23:00:00,M,B3100,SL,THS_T,IE,1995-08,18.20,
ESTAT:APRO_MT_PWGTM(1.0),29/04/22 23:00:00,M,B3100,SL,THS_T,IE,1995-09,17.50,
ESTAT:APRO_MT_PWGTM(1.0),29/04/22 23:00:00,M,B3100,SL,THS_T,IE,1995-10,18.40,
ESTAT:APRO_MT_PWGTM(1.0),29/04/22 23:00:00,M,B3100,SL,THS_T,IE,1995-11,19.00,
ESTAT:APRO_MT_PWGTM(1.0),29/04/22 23:00:00,M,B3100,SL,THS_T,IE,1995-12,15.80,
ESTAT:APRO_MT_PWGTM(1.0),29/04/22 23:00:00,M,B3100,SL,THS_T,IE,1996-01,19.30,
ESTAT:APRO_MT_PWGTM(1.0),29/04/22 23:00:00,M,B3100,SL,THS_T,IE,1996-02,17.20,
ESTAT:APRO_MT_PWGTM(1.0),29/04/22 23:00:00,M,B3100,SL,THS_T,IE,1996-03,16.30,
ESTAT:APRO_MT_PWGTM(1.0),29/04/22 23:00:00,M,B3100,SL,THS_T,IE,1996-04,17.10,
ESTAT:APRO_MT_PWGTM(1.0),29/04/22 23:00:00,M,B3100,SL,THS_T,IE,1996-05,17.90,
ESTAT:APRO_MT_PWGTM(1.0),29/04/22 23:00:00,M,B3100,SL,THS_T,IE,1996-06,15.40,
ESTAT:APRO_MT_PWGTM(1.0),29/04/22 23:00:00,M,B3100,SL,THS_T,IE,1996-07,18.50,
ESTAT:APRO_MT_PWGTM(1.0),29/04/22 23:00:00,M,B3100,SL,THS_T,IE,1996-08,17.10,
ESTAT:APRO_MT_PWGTM(1.0),29/04/22 23:00:00,M,B3100,SL,THS_T,IE,1996-09,17.60,
ESTAT:APRO_MT_PWGTM(1.0),29/04/22 23:00:00,M,B3100,SL,THS_T,IE,1996-10,19.50,
ESTAT:APRO_MT_PWGTM(1.0),29/04/22 23:00:00,M,B3100,SL,THS_T,IE,1996-11,18.30,
ESTAT:APRO_MT_PWGTM(1.0),29/04/22 23:00:00,M,B3100,SL,THS_T,IE,1996-12,16.50,
ESTAT:APRO_MT_PWGTM(1.0),29/04/22 23:00:00,M,B3100,SL,THS_T,IE,1997-01,19.70,
ESTAT:APRO_MT_PWGTM(1.0),29/04/22 23:00:00,M,B3100,SL,THS_T,IE,1997-02,17.30,
ESTAT:APRO_MT_PWGTM(1.0),29/04/22 23:00:00,M,B3100,SL,THS_T,IE,1997-03,17.20,
ESTAT:APRO_MT_PWGTM(1.0),29/04/22 23:00:00,M,B3100,SL,THS_T,IE,1997-04,18.70,
ESTAT:APRO_MT_PWGTM(1.0),29/04/22 23:00:00,M,B3100,SL,THS_T,IE,1997-05,18.30,
ESTAT:APRO_MT_PWGTM(1.0),29/04/22 23:00:00,M,B3100,SL,THS_T,IE,1997-06,17.10,
ESTAT:APRO_MT_PWGTM(1.0),29/04/22 23:00:00,M,B3100,SL,THS_T,IE,1997-07,18.00,
ESTAT:APRO_MT_PWGTM(1.0),29/04/22 23:00:00,M,B3100,SL,THS_T,IE,1997-08,17.30,
ESTAT:APRO_MT_PWGTM(1.0),29/04/22 23:00:00,M,B3100,SL,THS_T,IE,1997-09,19.20,
ESTAT:APRO_MT_PWGTM(1.0),29/04/22 23:00:00,M,B3100,SL,THS_T,IE,1997-10,20.10,
ESTAT:APRO_MT_PWGTM(1.0),29/04/22 23:00:00,M,B3100,SL,THS_T,IE,1997-11,19.10,
ESTAT:APRO_MT_PWGTM(1.0),29/04/22 23:00:00,M,B3100,SL,THS_T,IE,1997-12,17.90,
ESTAT:APRO_MT_PWGTM(1.0),29/04/22 23:00:00,M,B3100,SL,THS_T,IE,1998-01,19.10,
ESTAT:APRO_MT_PWGTM(1.0),29/04/22 23:00:00,M,B3100,SL,THS_T,IE,1998-02,17.80,
ESTAT:APRO_MT_PWGTM(1.0),29/04/22 23:00:00,M,B3100,SL,THS_T,IE,1998-03,19.60,
ESTAT:APRO_MT_PWGTM(1.0),29/04/22 23:00:00,M,B3100,SL,THS_T,IE,1998-04,19.50,
ESTAT:APRO_MT_PWGTM(1.0),29/04/22 23:00:00,M,B3100,SL,THS_T,IE,1998-05,18.00,
ESTAT:APRO_MT_PWGTM(1.0),29/04/22 23:00:00,M,B3100,SL,THS_T,IE,1998-06,19.10,
ESTAT:APRO_MT_PWGTM(1.0),29/04/22 23:00:00,M,B3100,SL,THS_T,IE,1998-07,20.70,
ESTAT:APRO_MT_PWGTM(1.0),29/04/22 23:00:00,M,B3100,SL,THS_T,IE,1998-08,19.90,
ESTAT:APRO_MT_PWGTM(1.0),29/04/22 23:00:00,M,B3100,SL,THS_T,IE,1998-09,22.80,
ESTAT:APRO_MT_PWGTM(1.0),29/04/22 23:00:00,M,B3100,SL,THS_T,IE,1998-10,21.70,
ESTAT:APRO_MT_PWGTM(1.0),29/04/22 23:00:00,M,B3100,SL,THS_T,IE,1998-11,23.10,
ESTAT:APRO_MT_PWGTM(1.0),29/04/22 23:00:00,M,B3100,SL,THS_T,IE,1998-12,20.30,
ESTAT:APRO_MT_PWGTM(1.0),29/04/22 23:00:00,M,B3100,SL,THS_T,IE,1999-01,21.60,
ESTAT:APRO_MT_PWGTM(1.0),29/04/22 23:00:00,M,B3100,SL,THS_T,IE,1999-02,21.20,
ESTAT:APRO_MT_PWGTM(1.0),29/04/22 23:00:00,M,B3100,SL,THS_T,IE,1999-03,23.00,
ESTAT:APRO_MT_PWGTM(1.0),29/04/22 23:00:00,M,B3100,SL,THS_T,IE,1999-04,20.50,
ESTAT:APRO_MT_PWGTM(1.0),29/04/22 23:00:00,M,B3100,SL,THS_T,IE,1999-05,19.10,
ESTAT:APRO_MT_PWGTM(1.0),29/04/22 23:00:00,M,B3100,SL,THS_T,IE,1999-06,20.10,
ESTAT:APRO_MT_PWGTM(1.0),29/04/22 23:00:00,M,B3100,SL,THS_T,IE,1999-07,21.00,
ESTAT:APRO_MT_PWGTM(1.0),29/04/22 23:00:00,M,B3100,SL,THS_T,IE,1999-08,20.70,
ESTAT:APRO_MT_PWGTM(1.0),29/04/22 23:00:00,M,B3100,SL,THS_T,IE,1999-09,20.60,
ESTAT:APRO_MT_PWGTM(1.0),29/04/22 23:00:00,M,B3100,SL,THS_T,IE,1999-10,20.50,
ESTAT:APRO_MT_PWGTM(1.0),29/04/22 23:00:00,M,B3100,SL,THS_T,IE,1999-11,23.20,
ESTAT:APRO_MT_PWGTM(1.0),29/04/22 23:00:00,M,B3100,SL,THS_T,IE,1999-12,18.20,
ESTAT:APRO_MT_PWGTM(1.0),29/04/22 23:00:00,M,B3100,SL,THS_T,IE,2000-01,20.80,
ESTAT:APRO_MT_PWGTM(1.0),29/04/22 23:00:00,M,B3100,SL,THS_T,IE,2000-02,19.70,
ESTAT:APRO_MT_PWGTM(1.0),29/04/22 23:00:00,M,B3100,SL,THS_T,IE,2000-03,21.80,
ESTAT:APRO_MT_PWGTM(1.0),29/04/22 23:00:00,M,B3100,SL,THS_T,IE,2000-04,17.70,
ESTAT:APRO_MT_PWGTM(1.0),29/04/22 23:00:00,M,B3100,SL,THS_T,IE,2000-05,21.70,
ESTAT:APRO_MT_PWGTM(1.0),29/04/22 23:00:00,M,B3100,SL,THS_T,IE,2000-06,16.70,
ESTAT:APRO_MT_PWGTM(1.0),29/04/22 23:00:00,M,B3100,SL,THS_T,IE,2000-07,17.50,
ESTAT:APRO_MT_PWGTM(1.0),29/04/22 23:00:00,M,B3100,SL,THS_T,IE,2000-08,21.40,
ESTAT:APRO_MT_PWGTM(1.0),29/04/22 23:00:00,M,B3100,SL,THS_T,IE,2000-09,17.70,
ESTAT:APRO_MT_PWGTM(1.0),29/04/22 23:00:00,M,B3100,SL,THS_T,IE,2000-10,18.10,
ESTAT:APRO_MT_PWGTM(1.0),29/04/22 23:00:00,M,B3100,SL,THS_T,IE,2000-11,22.80,
ESTAT:APRO_MT_PWGTM(1.0),29/04/22 23:00:00,M,B3100,SL,THS_T,IE,2000-12,14.50,
ESTAT:APRO_MT_PWGTM(1.0),29/04/22 23:00:00,M,B3100,SL,THS_T,IE,2001-01,22.80,
ESTAT:APRO_MT_PWGTM(1.0),29/04/22 23:00:00,M,B3100,SL,THS_T,IE,2001-02,19.30,
ESTAT:APRO_MT_PWGTM(1.0),29/04/22 23:00:00,M,B3100,SL,THS_T,IE,2001-03,17.00,
ESTAT:APRO_MT_PWGTM(1.0),29/04/22 23:00:00,M,B3100,SL,THS_T,IE,2001-04,18.80,
ESTAT:APRO_MT_PWGTM(1.0),29/04/22 23:00:00,M,B3100,SL,THS_T,IE,2001-05,22.40,
ESTAT:APRO_MT_PWGTM(1.0),29/04/22 23:00:00,M,B3100,SL,THS_T,IE,2001-06,17.90,
ESTAT:APRO_MT_PWGTM(1.0),29/04/22 23:00:00,M,B3100,SL,THS_T,IE,2001-07,18.90,
ESTAT:APRO_MT_PWGTM(1.0),29/04/22 23:00:00,M,B3100,SL,THS_T,IE,2001-08,22.80,
ESTAT:APRO_MT_PWGTM(1.0),29/04/22 23:00:00,M,B3100,SL,THS_T,IE,2001-09,19.50,
ESTAT:APRO_MT_PWGTM(1.0),29/04/22 23:00:00,M,B3100,SL,THS_T,IE,2001-10,24.50,
ESTAT:APRO_MT_PWGTM(1.0),29/04/22 23:00:00,M,B3100,SL,THS_T,IE,2001-11,20.40,
ESTAT:APRO_MT_PWGTM(1.0),29/04/22 23:00:00,M,B3100,SL,THS_T,IE,2001-12,15.50,
ESTAT:APRO_MT_PWGTM(1.0),29/04/22 23:00:00,M,B3100,SL,THS_T,IE,2002-01,24.80,
ESTAT:APRO_MT_PWGTM(1.0),29/04/22 23:00:00,M,B3100,SL,THS_T,IE,2002-02,19.30,
ESTAT:APRO_MT_PWGTM(1.0),29/04/22 23:00:00,M,B3100,SL,THS_T,IE,2002-03,18.20,
ESTAT:APRO_MT_PWGTM(1.0),29/04/22 23:00:00,M,B3100,SL,THS_T,IE,2002-04,18.20,
ESTAT:APRO_MT_PWGTM(1.0),29/04/22 23:00:00,M,B3100,SL,THS_T,IE,2002-05,21.60,
ESTAT:APRO_MT_PWGTM(1.0),29/04/22 23:00:00,M,B3100,SL,THS_T,IE,2002-06,16.40,
ESTAT:APRO_MT_PWGTM(1.0),29/04/22 23:00:00,M,B3100,SL,THS_T,IE,2002-07,20.90,
ESTAT:APRO_MT_PWGTM(1.0),29/04/22 23:00:00,M,B3100,SL,THS_T,IE,2002-08,16.90,
ESTAT:APRO_MT_PWGTM(1.0),29/04/22 23:00:00,M,B3100,SL,THS_T,IE,2002-09,17.80,
ESTAT:APRO_MT_PWGTM(1.0),29/04/22 23:00:00,M,B3100,SL,THS_T,IE,2002-10,21.80,
ESTAT:APRO_MT_PWGTM(1.0),29/04/22 23:00:00,M,B3100,SL,THS_T,IE,2002-11,19.20,
ESTAT:APRO_MT_PWGTM(1.0),29/04/22 23:00:00,M,B3100,SL,THS_T,IE,2002-12,14.60,
ESTAT:APRO_MT_PWGTM(1.0),29/04/22 23:00:00,M,B3100,SL,THS_T,IE,2003-01,22.80,
ESTAT:APRO_MT_PWGTM(1.0),29/04/22 23:00:00,M,B3100,SL,THS_T,IE,2003-02,17.40,
ESTAT:APRO_MT_PWGTM(1.0),29/04/22 23:00:00,M,B3100,SL,THS_T,IE,2003-03,17.30,
ESTAT:APRO_MT_PWGTM(1.0),29/04/22 23:00:00,M,B3100,SL,THS_T,IE,2003-04,18.40,
ESTAT:APRO_MT_PWGTM(1.0),29/04/22 23:00:00,M,B3100,SL,THS_T,IE,2003-05,18.80,
ESTAT:APRO_MT_PWGTM(1.0),29/04/22 23:00:00,M,B3100,SL,THS_T,IE,2003-06,16.60,
ESTAT:APRO_MT_PWGTM(1.0),29/04/22 23:00:00,M,B3100,SL,THS_T,IE,2003-07,19.50,
ESTAT:APRO_MT_PWGTM(1.0),29/04/22 23:00:00,M,B3100,SL,THS_T,IE,2003-08,17.60,
ESTAT:APRO_MT_PWGTM(1.0),29/04/22 23:00:00,M,B3100,SL,THS_T,IE,2003-09,17.80,
ESTAT:APRO_MT_PWGTM(1.0),29/04/22 23:00:00,M,B3100,SL,THS_T,IE,2003-10,19.00,
ESTAT:APRO_MT_PWGTM(1.0),29/04/22 23:00:00,M,B3100,SL,THS_T,IE,2003-11,17.00,
ESTAT:APRO_MT_PWGTM(1.0),29/04/22 23:00:00,M,B3100,SL,THS_T,IE,2003-12,16.60,
ESTAT:APRO_MT_PWGTM(1.0),29/04/22 23:00:00,M,B3100,SL,THS_T,IE,2004-01,18.60,
ESTAT:APRO_MT_PWGTM(1.0),29/04/22 23:00:00,M,B3100,SL,THS_T,IE,2004-02,15.90,
ESTAT:APRO_MT_PWGTM(1.0),29/04/22 23:00:00,M,B3100,SL,THS_T,IE,2004-03,18.00,
ESTAT:APRO_MT_PWGTM(1.0),29/04/22 23:00:00,M,B3100,SL,THS_T,IE,2004-04,17.30,
ESTAT:APRO_MT_PWGTM(1.0),29/04/22 23:00:00,M,B3100,SL,THS_T,IE,2004-05,15.40,
ESTAT:APRO_MT_PWGTM(1.0),29/04/22 23:00:00,M,B3100,SL,THS_T,IE,2004-06,16.90,
ESTAT:APRO_MT_PWGTM(1.0),29/04/22 23:00:00,M,B3100,SL,THS_T,IE,2004-07,16.40,
ESTAT:APRO_MT_PWGTM(1.0),29/04/22 23:00:00,M,B3100,SL,THS_T,IE,2004-08,17.20,
ESTAT:APRO_MT_PWGTM(1.0),29/04/22 23:00:00,M,B3100,SL,THS_T,IE,2004-09,17.70,
ESTAT:APRO_MT_PWGTM(1.0),29/04/22 23:00:00,M,B3100,SL,THS_T,IE,2004-10,16.40,
ESTAT:APRO_MT_PWGTM(1.0),29/04/22 23:00:00,M,B3100,SL,THS_T,IE,2004-11,18.30,
ESTAT:APRO_MT_PWGTM(1.0),29/04/22 23:00:00,M,B3100,SL,THS_T,IE,2004-12,16.20,
ESTAT:APRO_MT_PWGTM(1.0),29/04/22 23:00:00,M,B3100,SL,THS_T,IE,2005-01,18.10,
ESTAT:APRO_MT_PWGTM(1.0),29/04/22 23:00:00,M,B3100,SL,THS_T,IE,2005-02,15.90,
ESTAT:APRO_MT_PWGTM(1.0),29/04/22 23:00:00,M,B3100,SL,THS_T,IE,2005-03,17.20,
ESTAT:APRO_MT_PWGTM(1.0),29/04/22 23:00:00,M,B3100,SL,THS_T,IE,2005-04,17.70,
ESTAT:APRO_MT_PWGTM(1.0),29/04/22 23:00:00,M,B3100,SL,THS_T,IE,2005-05,16.50,
ESTAT:APRO_MT_PWGTM(1.0),29/04/22 23:00:00,M,B3100,SL,THS_T,IE,2005-06,17.10,
ESTAT:APRO_MT_PWGTM(1.0),29/04/22 23:00:00,M,B3100,SL,THS_T,IE,2005-07,16.40,
ESTAT:APRO_MT_PWGTM(1.0),29/04/22 23:00:00,M,B3100,SL,THS_T,IE,2005-08,17.40,
ESTAT:APRO_MT_PWGTM(1.0),29/04/22 23:00:00,M,B3100,SL,THS_T,IE,2005-09,17.00,
ESTAT:APRO_MT_PWGTM(1.0),29/04/22 23:00:00,M,B3100,SL,THS_T,IE,2005-10,16.30,
ESTAT:APRO_MT_PWGTM(1.0),29/04/22 23:00:00,M,B3100,SL,THS_T,IE,2005-11,19.50,
ESTAT:APRO_MT_PWGTM(1.0),29/04/22 23:00:00,M,B3100,SL,THS_T,IE,2005-12,16.10,
ESTAT:APRO_MT_PWGTM(1.0),29/04/22 23:00:00,M,B3100,SL,THS_T,IE,2006-01,18.30,
ESTAT:APRO_MT_PWGTM(1.0),29/04/22 23:00:00,M,B3100,SL,THS_T,IE,2006-02,16.20,
ESTAT:APRO_MT_PWGTM(1.0),29/04/22 23:00:00,M,B3100,SL,THS_T,IE,2006-03,17.20,
ESTAT:APRO_MT_PWGTM(1.0),29/04/22 23:00:00,M,B3100,SL,THS_T,IE,2006-04,16.50,
ESTAT:APRO_MT_PWGTM(1.0),29/04/22 23:00:00,M,B3100,SL,THS_T,IE,2006-05,18.50,
ESTAT:APRO_MT_PWGTM(1.0),29/04/22 23:00:00,M,B3100,SL,THS_T,IE,2006-06,17.50,
ESTAT:APRO_MT_PWGTM(1.0),29/04/22 23:00:00,M,B3100,SL,THS_T,IE,2006-07,17.20,
ESTAT:APRO_MT_PWGTM(1.0),29/04/22 23:00:00,M,B3100,SL,THS_T,IE,2006-08,18.30,
ESTAT:APRO_MT_PWGTM(1.0),29/04/22 23:00:00,M,B3100,SL,THS_T,IE,2006-09,17.50,
ESTAT:APRO_MT_PWGTM(1.0),29/04/22 23:00:00,M,B3100,SL,THS_T,IE,2006-10,17.40,
ESTAT:APRO_MT_PWGTM(1.0),29/04/22 23:00:00,M,B3100,SL,THS_T,IE,2006-11,18.80,
ESTAT:APRO_MT_PWGTM(1.0),29/04/22 23:00:00,M,B3100,SL,THS_T,IE,2006-12,15.60,
ESTAT:APRO_MT_PWGTM(1.0),29/04/22 23:00:00,M,B3100,SL,THS_T,IE,2007-01,18.70,
ESTAT:APRO_MT_PWGTM(1.0),29/04/22 23:00:00,M,B3100,SL,THS_T,IE,2007-02,17.90,
ESTAT:APRO_MT_PWGTM(1.0),29/04/22 23:00:00,M,B3100,SL,THS_T,IE,2007-03,18.20,
ESTAT:APRO_MT_PWGTM(1.0),29/04/22 23:00:00,M,B3100,SL,THS_T,IE,2007-04,16.80,
ESTAT:APRO_MT_PWGTM(1.0),29/04/22 23:00:00,M,B3100,SL,THS_T,IE,2007-05,18.30,
ESTAT:APRO_MT_PWGTM(1.0),29/04/22 23:00:00,M,B3100,SL,THS_T,IE,2007-06,16.10,
ESTAT:APRO_MT_PWGTM(1.0),29/04/22 23:00:00,M,B3100,SL,THS_T,IE,2007-07,16.80,
ESTAT:APRO_MT_PWGTM(1.0),29/04/22 23:00:00,M,B3100,SL,THS_T,IE,2007-08,16.90,
ESTAT:APRO_MT_PWGTM(1.0),29/04/22 23:00:00,M,B3100,SL,THS_T,IE,2007-09,16.20,
ESTAT:APRO_MT_PWGTM(1.0),29/04/22 23:00:00,M,B3100,SL,THS_T,IE,2007-10,17.10,
ESTAT:APRO_MT_PWGTM(1.0),29/04/22 23:00:00,M,B3100,SL,THS_T,IE,2007-11,18.20,
ESTAT:APRO_MT_PWGTM(1.0),29/04/22 23:00:00,M,B3100,SL,THS_T,IE,2007-12,14.10,
ESTAT:APRO_MT_PWGTM(1.0),29/04/22 23:00:00,M,B3100,SL,THS_T,IE,2008-01,19.04,
ESTAT:APRO_MT_PWGTM(1.0),29/04/22 23:00:00,M,B3100,SL,THS_T,IE,2008-02,18.09,
ESTAT:APRO_MT_PWGTM(1.0),29/04/22 23:00:00,M,B3100,SL,THS_T,IE,2008-03,16.32,
ESTAT:APRO_MT_PWGTM(1.0),29/04/22 23:00:00,M,B3100,SL,THS_T,IE,2008-04,17.76,
ESTAT:APRO_MT_PWGTM(1.0),29/04/22 23:00:00,M,B3100,SL,THS_T,IE,2008-05,16.74,
ESTAT:APRO_MT_PWGTM(1.0),29/04/22 23:00:00,M,B3100,SL,THS_T,IE,2008-06,16.04,
ESTAT:APRO_MT_PWGTM(1.0),29/04/22 23:00:00,M,B3100,SL,THS_T,IE,2008-07,17.39,
ESTAT:APRO_MT_PWGTM(1.0),29/04/22 23:00:00,M,B3100,SL,THS_T,IE,2008-08,15.62,
ESTAT:APRO_MT_PWGTM(1.0),29/04/22 23:00:00,M,B3100,SL,THS_T,IE,2008-09,16.98,
ESTAT:APRO_MT_PWGTM(1.0),29/04/22 23:00:00,M,B3100,SL,THS_T,IE,2008-10,17.27,
ESTAT:APRO_MT_PWGTM(1.0),29/04/22 23:00:00,M,B3100,SL,THS_T,IE,2008-11,16.83,
ESTAT:APRO_MT_PWGTM(1.0),29/04/22 23:00:00,M,B3100,SL,THS_T,IE,2008-12,14.38,
ESTAT:APRO_MT_PWGTM(1.0),29/04/22 23:00:00,M,B3100,SL,THS_T,IE,2009-01,17.41,
ESTAT:APRO_MT_PWGTM(1.0),29/04/22 23:00:00,M,B3100,SL,THS_T,IE,2009-02,15.25,
ESTAT:APRO_MT_PWGTM(1.0),29/04/22 23:00:00,M,B3100,SL,THS_T,IE,2009-03,16.82,
ESTAT:APRO_MT_PWGTM(1.0),29/04/22 23:00:00,M,B3100,SL,THS_T,IE,2009-04,16.42,
ESTAT:APRO_MT_PWGTM(1.0),29/04/22 23:00:00,M,B3100,SL,THS_T,IE,2009-05,14.90,
ESTAT:APRO_MT_PWGTM(1.0),29/04/22 23:00:00,M,B3100,SL,THS_T,IE,2009-06,15.79,
ESTAT:APRO_MT_PWGTM(1.0),29/04/22 23:00:00,M,B3100,SL,THS_T,IE,2009-07,16.70,
ESTAT:APRO_MT_PWGTM(1.0),29/04/22 23:00:00,M,B3100,SL,THS_T,IE,2009-08,15.43,
ESTAT:APRO_MT_PWGTM(1.0),29/04/22 23:00:00,M,B3100,SL,THS_T,IE,2009-09,16.58,
ESTAT:APRO_MT_PWGTM(1.0),29/04/22 23:00:00,M,B3100,SL,THS_T,IE,2009-10,16.38,
ESTAT:APRO_MT_PWGTM(1.0),29/04/22 23:00:00,M,B3100,SL,THS_T,IE,2009-11,17.19,
ESTAT:APRO_MT_PWGTM(1.0),29/04/22 23:00:00,M,B3100,SL,THS_T,IE,2009-12,16.70,
ESTAT:APRO_MT_PWGTM(1.0),29/04/22 23:00:00,M,B3100,SL,THS_T,IE,2010-01,16.45,
ESTAT:APRO_MT_PWGTM(1.0),29/04/22 23:00:00,M,B3100,SL,THS_T,IE,2010-02,16.51,
ESTAT:APRO_MT_PWGTM(1.0),29/04/22 23:00:00,M,B3100,SL,THS_T,IE,2010-03,18.88,
ESTAT:APRO_MT_PWGTM(1.0),29/04/22 23:00:00,M,B3100,SL,THS_T,IE,2010-04,18.08,
ESTAT:APRO_MT_PWGTM(1.0),29/04/22 23:00:00,M,B3100,SL,THS_T,IE,2010-05,17.28,
ESTAT:APRO_MT_PWGTM(1.0),29/04/22 23:00:00,M,B3100,SL,THS_T,IE,2010-06,17.39,
ESTAT:APRO_MT_PWGTM(1.0),29/04/22 23:00:00,M,B3100,SL,THS_T,IE,2010-07,17.94,
ESTAT:APRO_MT_PWGTM(1.0),29/04/22 23:00:00,M,B3100,SL,THS_T,IE,2010-08,18.04,
ESTAT:APRO_MT_PWGTM(1.0),29/04/22 23:00:00,M,B3100,SL,THS_T,IE,2010-09,18.86,
ESTAT:APRO_MT_PWGTM(1.0),29/04/22 23:00:00,M,B3100,SL,THS_T,IE,2010-10,17.20,
ESTAT:APRO_MT_PWGTM(1.0),29/04/22 23:00:00,M,B3100,SL,THS_T,IE,2010-11,19.95,
ESTAT:APRO_MT_PWGTM(1.0),29/04/22 23:00:00,M,B3100,SL,THS_T,IE,2010-12,17.57,
ESTAT:APRO_MT_PWGTM(1.0),29/04/22 23:00:00,M,B3100,SL,THS_T,IE,2011-01,18.41,
ESTAT:APRO_MT_PWGTM(1.0),29/04/22 23:00:00,M,B3100,SL,THS_T,IE,2011-02,18.27,
ESTAT:APRO_MT_PWGTM(1.0),29/04/22 23:00:00,M,B3100,SL,THS_T,IE,2011-03,20.22,
ESTAT:APRO_MT_PWGTM(1.0),29/04/22 23:00:00,M,B3100,SL,THS_T,IE,2011-04,18.34,
ESTAT:APRO_MT_PWGTM(1.0),29/04/22 23:00:00,M,B3100,SL,THS_T,IE,2011-05,19.39,
ESTAT:APRO_MT_PWGTM(1.0),29/04/22 23:00:00,M,B3100,SL,THS_T,IE,2011-06,18.91,
ESTAT:APRO_MT_PWGTM(1.0),29/04/22 23:00:00,M,B3100,SL,THS_T,IE,2011-07,18.45,
ESTAT:APRO_MT_PWGTM(1.0),29/04/22 23:00:00,M,B3100,SL,THS_T,IE,2011-08,20.55,
ESTAT:APRO_MT_PWGTM(1.0),29/04/22 23:00:00,M,B3100,SL,THS_T,IE,2011-09,20.77,
ESTAT:APRO_MT_PWGTM(1.0),29/04/22 23:00:00,M,B3100,SL,THS_T,IE,2011-10,19.30,
ESTAT:APRO_MT_PWGTM(1.0),29/04/22 23:00:00,M,B3100,SL,THS_T,IE,2011-11,22.01,
ESTAT:APRO_MT_PWGTM(1.0),29/04/22 23:00:00,M,B3100,SL,THS_T,IE,2011-12,19.09,
ESTAT:APRO_MT_PWGTM(1.0),29/04/22 23:00:00,M,B3100,SL,THS_T,IE,2012-01,20.70,
ESTAT:APRO_MT_PWGTM(1.0),29/04/22 23:00:00,M,B3100,SL,THS_T,IE,2012-02,20.49,
ESTAT:APRO_MT_PWGTM(1.0),29/04/22 23:00:00,M,B3100,SL,THS_T,IE,2012-03,20.32,
ESTAT:APRO_MT_PWGTM(1.0),29/04/22 23:00:00,M,B3100,SL,THS_T,IE,2012-04,19.89,
ESTAT:APRO_MT_PWGTM(1.0),29/04/22 23:00:00,M,B3100,SL,THS_T,IE,2012-05,21.70,
ESTAT:APRO_MT_PWGTM(1.0),29/04/22 23:00:00,M,B3100,SL,THS_T,IE,2012-06,18.04,
ESTAT:APRO_MT_PWGTM(1.0),29/04/22 23:00:00,M,B3100,SL,THS_T,IE,2012-07,20.54,
ESTAT:APRO_MT_PWGTM(1.0),29/04/22 23:00:00,M,B3100,SL,THS_T,IE,2012-08,20.80,
ESTAT:APRO_MT_PWGTM(1.0),29/04/22 23:00:00,M,B3100,SL,THS_T,IE,2012-09,18.77,
ESTAT:APRO_MT_PWGTM(1.0),29/04/22 23:00:00,M,B3100,SL,THS_T,IE,2012-10,21.62,
ESTAT:APRO_MT_PWGTM(1.0),29/04/22 23:00:00,M,B3100,SL,THS_T,IE,2012-11,21.23,
ESTAT:APRO_MT_PWGTM(1.0),29/04/22 23:00:00,M,B3100,SL,THS_T,IE,2012-12,17.40,
ESTAT:APRO_MT_PWGTM(1.0),29/04/22 23:00:00,M,B3100,SL,THS_T,IE,2013-01,21.84,
ESTAT:APRO_MT_PWGTM(1.0),29/04/22 23:00:00,M,B3100,SL,THS_T,IE,2013-02,18.91,
ESTAT:APRO_MT_PWGTM(1.0),29/04/22 23:00:00,M,B3100,SL,THS_T,IE,2013-03,19.79,
ESTAT:APRO_MT_PWGTM(1.0),29/04/22 23:00:00,M,B3100,SL,THS_T,IE,2013-04,20.47,
ESTAT:APRO_MT_PWGTM(1.0),29/04/22 23:00:00,M,B3100,SL,THS_T,IE,2013-05,21.72,
ESTAT:APRO_MT_PWGTM(1.0),29/04/22 23:00:00,M,B3100,SL,THS_T,IE,2013-06,18.31,
ESTAT:APRO_MT_PWGTM(1.0),29/04/22 23:00:00,M,B3100,SL,THS_T,IE,2013-07,21.01,
ESTAT:APRO_MT_PWGTM(1.0),29/04/22 23:00:00,M,B3100,SL,THS_T,IE,2013-08,19.06,
ESTAT:APRO_MT_PWGTM(1.0),29/04/22 23:00:00,M,B3100,SL,THS_T,IE,2013-09,19.03,
ESTAT:APRO_MT_PWGTM(1.0),29/04/22 23:00:00,M,B3100,SL,THS_T,IE,2013-10,20.66,
ESTAT:APRO_MT_PWGTM(1.0),29/04/22 23:00:00,M,B3100,SL,THS_T,IE,2013-11,20.15,
ESTAT:APRO_MT_PWGTM(1.0),29/04/22 23:00:00,M,B3100,SL,THS_T,IE,2013-12,18.35,
ESTAT:APRO_MT_PWGTM(1.0),29/04/22 23:00:00,M,B3100,SL,THS_T,IE,2014-01,22.11,
ESTAT:APRO_MT_PWGTM(1.0),29/04/22 23:00:00,M,B3100,SL,THS_T,IE,2014-02,19.10,
ESTAT:APRO_MT_PWGTM(1.0),29/04/22 23:00:00,M,B3100,SL,THS_T,IE,2014-03,19.83,
ESTAT:APRO_MT_PWGTM(1.0),29/04/22 23:00:00,M,B3100,SL,THS_T,IE,2014-04,20.84,
ESTAT:APRO_MT_PWGTM(1.0),29/04/22 23:00:00,M,B3100,SL,THS_T,IE,2014-05,20.55,
ESTAT:APRO_MT_PWGTM(1.0),29/04/22 23:00:00,M,B3100,SL,THS_T,IE,2014-06,19.81,
ESTAT:APRO_MT_PWGTM(1.0),29/04/22 23:00:00,M,B3100,SL,THS_T,IE,2014-07,21.86,
ESTAT:APRO_MT_PWGTM(1.0),29/04/22 23:00:00,M,B3100,SL,THS_T,IE,2014-08,20.14,
ESTAT:APRO_MT_PWGTM(1.0),29/04/22 23:00:00,M,B3100,SL,THS_T,IE,2014-09,22.68,
ESTAT:APRO_MT_PWGTM(1.0),29/04/22 23:00:00,M,B3100,SL,THS_T,IE,2014-10,23.17,
ESTAT:APRO_MT_PWGTM(1.0),29/04/22 23:00:00,M,B3100,SL,THS_T,IE,2014-11,22.51,
ESTAT:APRO_MT_PWGTM(1.0),29/04/22 23:00:00,M,B3100,SL,THS_T,IE,2014-12,21.57,
ESTAT:APRO_MT_PWGTM(1.0),29/04/22 23:00:00,M,B3100,SL,THS_T,IE,2015-01,23.29,
ESTAT:APRO_MT_PWGTM(1.0),29/04/22 23:00:00,M,B3100,SL,THS_T,IE,2015-02,21.65,
ESTAT:APRO_MT_PWGTM(1.0),29/04/22 23:00:00,M,B3100,SL,THS_T,IE,2015-03,23.35,
ESTAT:APRO_MT_PWGTM(1.0),29/04/22 23:00:00,M,B3100,SL,THS_T,IE,2015-04,23.27,
ESTAT:APRO_MT_PWGTM(1.0),29/04/22 23:00:00,M,B3100,SL,THS_T,IE,2015-05,22.06,
ESTAT:APRO_MT_PWGTM(1.0),29/04/22 23:00:00,M,B3100,SL,THS_T,IE,2015-06,22.29,
ESTAT:APRO_MT_PWGTM(1.0),29/04/22 23:00:00,M,B3100,SL,THS_T,IE,2015-07,23.51,
ESTAT:APRO_MT_PWGTM(1.0),29/04/22 23:00:00,M,B3100,SL,THS_T,IE,2015-08,21.67,
ESTAT:APRO_MT_PWGTM(1.0),29/04/22 23:00:00,M,B3100,SL,THS_T,IE,2015-09,23.55,
ESTAT:APRO_MT_PWGTM(1.0),29/04/22 23:00:00,M,B3100,SL,THS_T,IE,2015-10,24.93,
ESTAT:APRO_MT_PWGTM(1.0),29/04/22 23:00:00,M,B3100,SL,THS_T,IE,2015-11,24.67,
ESTAT:APRO_MT_PWGTM(1.0),29/04/22 23:00:00,M,B3100,SL,THS_T,IE,2015-12,22.17,
ESTAT:APRO_MT_PWGTM(1.0),29/04/22 23:00:00,M,B3100,SL,THS_T,IE,2016-01,23.32,
ESTAT:APRO_MT_PWGTM(1.0),29/04/22 23:00:00,M,B3100,SL,THS_T,IE,2016-02,24.19,
ESTAT:APRO_MT_PWGTM(1.0),29/04/22 23:00:00,M,B3100,SL,THS_T,IE,2016-03,24.10,
ESTAT:APRO_MT_PWGTM(1.0),29/04/22 23:00:00,M,B3100,SL,THS_T,IE,2016-04,24.28,
ESTAT:APRO_MT_PWGTM(1.0),29/04/22 23:00:00,M,B3100,SL,THS_T,IE,2016-05,23.65,
ESTAT:APRO_MT_PWGTM(1.0),29/04/22 23:00:00,M,B3100,SL,THS_T,IE,2016-06,23.30,
ESTAT:APRO_MT_PWGTM(1.0),29/04/22 23:00:00,M,B3100,SL,THS_T,IE,2016-07,22.40,
ESTAT:APRO_MT_PWGTM(1.0),29/04/22 23:00:00,M,B3100,SL,THS_T,IE,2016-08,23.98,
ESTAT:APRO_MT_PWGTM(1.0),29/04/22 23:00:00,M,B3100,SL,THS_T,IE,2016-09,23.47,
ESTAT:APRO_MT_PWGTM(1.0),29/04/22 23:00:00,M,B3100,SL,THS_T,IE,2016-10,22.00,
ESTAT:APRO_MT_PWGTM(1.0),29/04/22 23:00:00,M,B3100,SL,THS_T,IE,2016-11,25.46,
ESTAT:APRO_MT_PWGTM(1.0),29/04/22 23:00:00,M,B3100,SL,THS_T,IE,2016-12,22.56,
ESTAT:APRO_MT_PWGTM(1.0),29/04/22 23:00:00,M,B3100,SL,THS_T,IE,2017-01,25.15,
ESTAT:APRO_MT_PWGTM(1.0),29/04/22 23:00:00,M,B3100,SL,THS_T,IE,2017-02,22.54,
ESTAT:APRO_MT_PWGTM(1.0),29/04/22 23:00:00,M,B3100,SL,THS_T,IE,2017-03,25.33,
ESTAT:APRO_MT_PWGTM(1.0),29/04/22 23:00:00,M,B3100,SL,THS_T,IE,2017-04,22.28,
ESTAT:APRO_MT_PWGTM(1.0),29/04/22 23:00:00,M,B3100,SL,THS_T,IE,2017-05,25.87,
ESTAT:APRO_MT_PWGTM(1.0),29/04/22 23:00:00,M,B3100,SL,THS_T,IE,2017-06,24.10,
ESTAT:APRO_MT_PWGTM(1.0),29/04/22 23:00:00,M,B3100,SL,THS_T,IE,2017-07,23.42,
ESTAT:APRO_MT_PWGTM(1.0),29/04/22 23:00:00,M,B3100,SL,THS_T,IE,2017-08,25.51,
ESTAT:APRO_MT_PWGTM(1.0),29/04/22 23:00:00,M,B3100,SL,THS_T,IE,2017-09,24.49,
ESTAT:APRO_MT_PWGTM(1.0),29/04/22 23:00:00,M,B3100,SL,THS_T,IE,2017-10,24.87,
ESTAT:APRO_MT_PWGTM(1.0),29/04/22 23:00:00,M,B3100,SL,THS_T,IE,2017-11,27.96,
ESTAT:APRO_MT_PWGTM(1.0),29/04/22 23:00:00,M,B3100,SL,THS_T,IE,2017-12,22.66,
ESTAT:APRO_MT_PWGTM(1.0),29/04/22 23:00:00,M,B3100,SL,THS_T,IE,2018-01,27.88,
ESTAT:APRO_MT_PWGTM(1.0),29/04/22 23:00:00,M,B3100,SL,THS_T,IE,2018-02,24.73,
ESTAT:APRO_MT_PWGTM(1.0),29/04/22 23:00:00,M,B3100,SL,THS_T,IE,2018-03,25.32,
ESTAT:APRO_MT_PWGTM(1.0),29/04/22 23:00:00,M,B3100,SL,THS_T,IE,2018-04,25.39,
ESTAT:APRO_MT_PWGTM(1.0),29/04/22 23:00:00,M,B3100,SL,THS_T,IE,2018-05,27.40,
ESTAT:APRO_MT_PWGTM(1.0),29/04/22 23:00:00,M,B3100,SL,THS_T,IE,2018-06,23.63,
ESTAT:APRO_MT_PWGTM(1.0),29/04/22 23:00:00,M,B3100,SL,THS_T,IE,2018-07,24.92,
ESTAT:APRO_MT_PWGTM(1.0),29/04/22 23:00:00,M,B3100,SL,THS_T,IE,2018-08,25.85,
ESTAT:APRO_MT_PWGTM(1.0),29/04/22 23:00:00,M,B3100,SL,THS_T,IE,2018-09,23.81,
ESTAT:APRO_MT_PWGTM(1.0),29/04/22 23:00:00,M,B3100,SL,THS_T,IE,2018-10,26.41,
ESTAT:APRO_MT_PWGTM(1.0),29/04/22 23:00:00,M,B3100,SL,THS_T,IE,2018-11,28.04,
ESTAT:APRO_MT_PWGTM(1.0),29/04/22 23:00:00,M,B3100,SL,THS_T,IE,2018-12,19.88,
ESTAT:APRO_MT_PWGTM(1.0),29/04/22 23:00:00,M,B3100,SL,THS_T,IE,2019-01,29.70,
ESTAT:APRO_MT_PWGTM(1.0),29/04/22 23:00:00,M,B3100,SL,THS_T,IE,2019-02,24.84,
ESTAT:APRO_MT_PWGTM(1.0),29/04/22 23:00:00,M,B3100,SL,THS_T,IE,2019-03,24.22,
ESTAT:APRO_MT_PWGTM(1.0),29/04/22 23:00:00,M,B3100,SL,THS_T,IE,2019-04,24.90,
ESTAT:APRO_MT_PWGTM(1.0),29/04/22 23:00:00,M,B3100,SL,THS_T,IE,2019-05,26.50,
ESTAT:APRO_MT_PWGTM(1.0),29/04/22 23:00:00,M,B3100,SL,THS_T,IE,2019-06,22.48,
ESTAT:APRO_MT_PWGTM(1.0),29/04/22 23:00:00,M,B3100,SL,THS_T,IE,2019-07,26.34,
ESTAT:APRO_MT_PWGTM(1.0),29/04/22 23:00:00,M,B3100,SL,THS_T,IE,2019-08,24.78,
ESTAT:APRO_MT_PWGTM(1.0),29/04/22 23:00:00,M,B3100,SL,THS_T,IE,2019-09,24.46,
ESTAT:APRO_MT_PWGTM(1.0),29/04/22 23:00:00,M,B3100,SL,THS_T,IE,2019-10,26.20,
ESTAT:APRO_MT_PWGTM(1.0),29/04/22 23:00:00,M,B3100,SL,THS_T,IE,2019-11,26.29,
ESTAT:APRO_MT_PWGTM(1.0),29/04/22 23:00:00,M,B3100,SL,THS_T,IE,2019-12,23.68,
ESTAT:APRO_MT_PWGTM(1.0),29/04/22 23:00:00,M,B3100,SL,THS_T,IE,2020-01,28.33,
ESTAT:APRO_MT_PWGTM(1.0),29/04/22 23:00:00,M,B3100,SL,THS_T,IE,2020-02,24.33,
ESTAT:APRO_MT_PWGTM(1.0),29/04/22 23:00:00,M,B3100,SL,THS_T,IE,2020-03,27.26,
ESTAT:APRO_MT_PWGTM(1.0),29/04/22 23:00:00,M,B3100,SL,THS_T,IE,2020-04,26.39,
ESTAT:APRO_MT_PWGTM(1.0),29/04/22 23:00:00,M,B3100,SL,THS_T,IE,2020-05,24.08,
ESTAT:APRO_MT_PWGTM(1.0),29/04/22 23:00:00,M,B3100,SL,THS_T,IE,2020-06,26.84,
ESTAT:APRO_MT_PWGTM(1.0),29/04/22 23:00:00,M,B3100,SL,THS_T,IE,2020-07,27.89,
ESTAT:APRO_MT_PWGTM(1.0),29/04/22 23:00:00,M,B3100,SL,THS_T,IE,2020-08,24.94,
ESTAT:APRO_MT_PWGTM(1.0),29/04/22 23:00:00,M,B3100,SL,THS_T,IE,2020-09,27.59,
ESTAT:APRO_MT_PWGTM(1.0),29/04/22 23:00:00,M,B3100,SL,THS_T,IE,2020-10,27.51,
ESTAT:APRO_MT_PWGTM(1.0),29/04/22 23:00:00,M,B3100,SL,THS_T,IE,2020-11,29.33,
ESTAT:APRO_MT_PWGTM(1.0),29/04/22 23:00:00,M,B3100,SL,THS_T,IE,2020-12,25.65,
ESTAT:APRO_MT_PWGTM(1.0),29/04/22 23:00:00,M,B3100,SL,THS_T,IE,2021-01,26.87,
ESTAT:APRO_MT_PWGTM(1.0),29/04/22 23:00:00,M,B3100,SL,THS_T,IE,2021-02,26.85,
ESTAT:APRO_MT_PWGTM(1.0),29/04/22 23:00:00,M,B3100,SL,THS_T,IE,2021-03,29.62,
ESTAT:APRO_MT_PWGTM(1.0),29/04/22 23:00:00,M,B3100,SL,THS_T,IE,2021-04,28.47,
ESTAT:APRO_MT_PWGTM(1.0),29/04/22 23:00:00,M,B3100,SL,THS_T,IE,2021-05,26.40,
ESTAT:APRO_MT_PWGTM(1.0),29/04/22 23:00:00,M,B3100,SL,THS_T,IE,2021-06,27.58,
ESTAT:APRO_MT_PWGTM(1.0),29/04/22 23:00:00,M,B3100,SL,THS_T,IE,2021-07,27.91,
ESTAT:APRO_MT_PWGTM(1.0),29/04/22 23:00:00,M,B3100,SL,THS_T,IE,2021-08,27.57,
ESTAT:APRO_MT_PWGTM(1.0),29/04/22 23:00:00,M,B3100,SL,THS_T,IE,2021-09,28.27,
ESTAT:APRO_MT_PWGTM(1.0),29/04/22 23:00:00,M,B3100,SL,THS_T,IE,2021-10,27.07,
ESTAT:APRO_MT_PWGTM(1.0),29/04/22 23:00:00,M,B3100,SL,THS_T,IE,2021-11,31.48,
ESTAT:APRO_MT_PWGTM(1.0),29/04/22 23:00:00,M,B3100,SL,THS_T,IE,2021-12,27.03,
ESTAT:APRO_MT_PWGTM(1.0),29/04/22 23:00:00,M,B3100,SL,THS_T,IE,2022-01,28.01,
ESTAT:APRO_MT_PWGTM(1.0),29/04/22 23:00:00,M,B3100,SL,THS_T,IE,2022-02,28.80,
ESTAT:APRO_MT_PWGTM(1.0),29/04/22 23:00:00,M,B3100,SL,THS_T,IE,2022-03,30.83,
ESTAT:APRO_MT_PWGTM(1.0),29/04/22 23:00:00,M,B3100,SL,THS_T,IT,1970-01,95.18,
ESTAT:APRO_MT_PWGTM(1.0),29/04/22 23:00:00,M,B3100,SL,THS_T,IT,1970-02,44.60,
ESTAT:APRO_MT_PWGTM(1.0),29/04/22 23:00:00,M,B3100,SL,THS_T,IT,1970-03,29.27,
ESTAT:APRO_MT_PWGTM(1.0),29/04/22 23:00:00,M,B3100,SL,THS_T,IT,1970-04,22.64,
ESTAT:APRO_MT_PWGTM(1.0),29/04/22 23:00:00,M,B3100,SL,THS_T,IT,1970-05,20.32,
ESTAT:APRO_MT_PWGTM(1.0),29/04/22 23:00:00,M,B3100,SL,THS_T,IT,1970-06,22.00,
ESTAT:APRO_MT_PWGTM(1.0),29/04/22 23:00:00,M,B3100,SL,THS_T,IT,1970-07,21.88,
ESTAT:APRO_MT_PWGTM(1.0),29/04/22 23:00:00,M,B3100,SL,THS_T,IT,1970-08,20.33,
ESTAT:APRO_MT_PWGTM(1.0),29/04/22 23:00:00,M,B3100,SL,THS_T,IT,1970-09,27.78,
ESTAT:APRO_MT_PWGTM(1.0),29/04/22 23:00:00,M,B3100,SL,THS_T,IT,1970-10,36.03,
ESTAT:APRO_MT_PWGTM(1.0),29/04/22 23:00:00,M,B3100,SL,THS_T,IT,1970-11,41.98,
ESTAT:APRO_MT_PWGTM(1.0),29/04/22 23:00:00,M,B3100,SL,THS_T,IT,1970-12,86.81,
ESTAT:APRO_MT_PWGTM(1.0),29/04/22 23:00:00,M,B3100,SL,THS_T,IT,1971-01,99.21,
ESTAT:APRO_MT_PWGTM(1.0),29/04/22 23:00:00,M,B3100,SL,THS_T,IT,1971-02,49.55,
ESTAT:APRO_MT_PWGTM(1.0),29/04/22 23:00:00,M,B3100,SL,THS_T,IT,1971-03,36.67,
ESTAT:APRO_MT_PWGTM(1.0),29/04/22 23:00:00,M,B3100,SL,THS_T,IT,1971-04,25.02,
ESTAT:APRO_MT_PWGTM(1.0),29/04/22 23:00:00,M,B3100,SL,THS_T,IT,1971-05,26.44,
ESTAT:APRO_MT_PWGTM(1.0),29/04/22 23:00:00,M,B3100,SL,THS_T,IT,1971-06,24.46,
ESTAT:APRO_MT_PWGTM(1.0),29/04/22 23:00:00,M,B3100,SL,THS_T,IT,1971-07,25.11,
ESTAT:APRO_MT_PWGTM(1.0),29/04/22 23:00:00,M,B3100,SL,THS_T,IT,1971-08,22.76,
ESTAT:APRO_MT_PWGTM(1.0),29/04/22 23:00:00,M,B3100,SL,THS_T,IT,1971-09,33.46,
ESTAT:APRO_MT_PWGTM(1.0),29/04/22 23:00:00,M,B3100,SL,THS_T,IT,1971-10,34.27,
ESTAT:APRO_MT_PWGTM(1.0),29/04/22 23:00:00,M,B3100,SL,THS_T,IT,1971-11,42.64,
ESTAT:APRO_MT_PWGTM(1.0),29/04/22 23:00:00,M,B3100,SL,THS_T,IT,1971-12,95.52,
ESTAT:APRO_MT_PWGTM(1.0),29/04/22 23:00:00,M,B3100,SL,THS_T,IT,1972-01,102.45,
ESTAT:APRO_MT_PWGTM(1.0),29/04/22 23:00:00,M,B3100,SL,THS_T,IT,1972-02,51.19,
ESTAT:APRO_MT_PWGTM(1.0),29/04/22 23:00:00,M,B3100,SL,THS_T,IT,1972-03,35.92,
ESTAT:APRO_MT_PWGTM(1.0),29/04/22 23:00:00,M,B3100,SL,THS_T,IT,1972-04,26.30,
ESTAT:APRO_MT_PWGTM(1.0),29/04/22 23:00:00,M,B3100,SL,THS_T,IT,1972-05,30.22,
ESTAT:APRO_MT_PWGTM(1.0),29/04/22 23:00:00,M,B3100,SL,THS_T,IT,1972-06,25.66,
ESTAT:APRO_MT_PWGTM(1.0),29/04/22 23:00:00,M,B3100,SL,THS_T,IT,1972-07,28.09,
ESTAT:APRO_MT_PWGTM(1.0),29/04/22 23:00:00,M,B3100,SL,THS_T,IT,1972-08,25.73,
ESTAT:APRO_MT_PWGTM(1.0),29/04/22 23:00:00,M,B3100,SL,THS_T,IT,1972-09,35.95,
ESTAT:APRO_MT_PWGTM(1.0),29/04/22 23:00:00,M,B3100,SL,THS_T,IT,1972-10,44.83,
ESTAT:APRO_MT_PWGTM(1.0),29/04/22 23:00:00,M,B3100,SL,THS_T,IT,1972-11,44.90,
ESTAT:APRO_MT_PWGTM(1.0),29/04/22 23:00:00,M,B3100,SL,THS_T,IT,1972-12,77.05,
ESTAT:APRO_MT_PWGTM(1.0),29/04/22 23:00:00,M,B3100,SL,THS_T,IT,1973-01,147.00,
ESTAT:APRO_MT_PWGTM(1.0),29/04/22 23:00:00,M,B3100,SL,THS_T,IT,1973-02,65.00,
ESTAT:APRO_MT_PWGTM(1.0),29/04/22 23:00:00,M,B3100,SL,THS_T,IT,1973-03,50.00,
ESTAT:APRO_MT_PWGTM(1.0),29/04/22 23:00:00,M,B3100,SL,THS_T,IT,1973-04,39.00,
ESTAT:APRO_MT_PWGTM(1.0),29/04/22 23:00:00,M,B3100,SL,THS_T,IT,1973-05,37.00,
ESTAT:APRO_MT_PWGTM(1.0),29/04/22 23:00:00,M,B3100,SL,THS_T,IT,1973-06,36.00,
ESTAT:APRO_MT_PWGTM(1.0),29/04/22 23:00:00,M,B3100,SL,THS_T,IT,1973-07,38.00,
ESTAT:APRO_MT_PWGTM(1.0),29/04/22 23:00:00,M,B3100,SL,THS_T,IT,1973-08,33.00,
ESTAT:APRO_MT_PWGTM(1.0),29/04/22 23:00:00,M,B3100,SL,THS_T,IT,1973-09,46.00,
ESTAT:APRO_MT_PWGTM(1.0),29/04/22 23:00:00,M,B3100,SL,THS_T,IT,1973-10,62.00,
ESTAT:APRO_MT_PWGTM(1.0),29/04/22 23:00:00,M,B3100,SL,THS_T,IT,1973-11,54.00,
ESTAT:APRO_MT_PWGTM(1.0),29/04/22 23:00:00,M,B3100,SL,THS_T,IT,1973-12,82.00,
ESTAT:APRO_MT_PWGTM(1.0),29/04/22 23:00:00,M,B3100,SL,THS_T,IT,1974-01,104.66,
ESTAT:APRO_MT_PWGTM(1.0),29/04/22 23:00:00,M,B3100,SL,THS_T,IT,1974-02,59.95,
ESTAT:APRO_MT_PWGTM(1.0),29/04/22 23:00:00,M,B3100,SL,THS_T,IT,1974-03,48.19,
ESTAT:APRO_MT_PWGTM(1.0),29/04/22 23:00:00,M,B3100,SL,THS_T,IT,1974-04,48.61,
ESTAT:APRO_MT_PWGTM(1.0),29/04/22 23:00:00,M,B3100,SL,THS_T,IT,1974-05,44.35,
ESTAT:APRO_MT_PWGTM(1.0),29/04/22 23:00:00,M,B3100,SL,THS_T,IT,1974-06,42.99,
ESTAT:APRO_MT_PWGTM(1.0),29/04/22 23:00:00,M,B3100,SL,THS_T,IT,1974-07,51.59,
ESTAT:APRO_MT_PWGTM(1.0),29/04/22 23:00:00,M,B3100,SL,THS_T,IT,1974-08,35.57,
ESTAT:APRO_MT_PWGTM(1.0),29/04/22 23:00:00,M,B3100,SL,THS_T,IT,1974-09,59.30,
ESTAT:APRO_MT_PWGTM(1.0),29/04/22 23:00:00,M,B3100,SL,THS_T,IT,1974-10,73.15,
ESTAT:APRO_MT_PWGTM(1.0),29/04/22 23:00:00,M,B3100,SL,THS_T,IT,1974-11,67.64,
ESTAT:APRO_MT_PWGTM(1.0),29/04/22 23:00:00,M,B3100,SL,THS_T,IT,1974-12,102.05,
ESTAT:APRO_MT_PWGTM(1.0),29/04/22 23:00:00,M,B3100,SL,THS_T,IT,1975-01,107.32,
ESTAT:APRO_MT_PWGTM(1.0),29/04/22 23:00:00,M,B3100,SL,THS_T,IT,1975-02,73.70,
ESTAT:APRO_MT_PWGTM(1.0),29/04/22 23:00:00,M,B3100,SL,THS_T,IT,1975-03,61.18,
ESTAT:APRO_MT_PWGTM(1.0),29/04/22 23:00:00,M,B3100,SL,THS_T,IT,1975-04,56.38,
ESTAT:APRO_MT_PWGTM(1.0),29/04/22 23:00:00,M,B3100,SL,THS_T,IT,1975-05,45.74,
ESTAT:APRO_MT_PWGTM(1.0),29/04/22 23:00:00,M,B3100,SL,THS_T,IT,1975-06,47.31,
ESTAT:APRO_MT_PWGTM(1.0),29/04/22 23:00:00,M,B3100,SL,THS_T,IT,1975-07,46.49,
ESTAT:APRO_MT_PWGTM(1.0),29/04/22 23:00:00,M,B3100,SL,THS_T,IT,1975-08,36.56,
ESTAT:APRO_MT_PWGTM(1.0),29/04/22 23:00:00,M,B3100,SL,THS_T,IT,1975-09,62.39,
ESTAT:APRO_MT_PWGTM(1.0),29/04/22 23:00:00,M,B3100,SL,THS_T,IT,1975-10,71.23,
ESTAT:APRO_MT_PWGTM(1.0),29/04/22 23:00:00,M,B3100,SL,THS_T,IT,1975-11,67.73,
ESTAT:APRO_MT_PWGTM(1.0),29/04/22 23:00:00,M,B3100,SL,THS_T,IT,1975-12,110.67,
ESTAT:APRO_MT_PWGTM(1.0),29/04/22 23:00:00,M,B3100,SL,THS_T,IT,1976-01,107.36,
ESTAT:APRO_MT_PWGTM(1.0),29/04/22 23:00:00,M,B3100,SL,THS_T,IT,1976-02,70.83,
ESTAT:APRO_MT_PWGTM(1.0),29/04/22 23:00:00,M,B3100,SL,THS_T,IT,1976-03,66.63,
ESTAT:APRO_MT_PWGTM(1.0),29/04/22 23:00:00,M,B3100,SL,THS_T,IT,1976-04,47.39,
ESTAT:APRO_MT_PWGTM(1.0),29/04/22 23:00:00,M,B3100,SL,THS_T,IT,1976-05,49.14,
ESTAT:APRO_MT_PWGTM(1.0),29/04/22 23:00:00,M,B3100,SL,THS_T,IT,1976-06,48.04,
ESTAT:APRO_MT_PWGTM(1.0),29/04/22 23:00:00,M,B3100,SL,THS_T,IT,1976-07,49.50,
ESTAT:APRO_MT_PWGTM(1.0),29/04/22 23:00:00,M,B3100,SL,THS_T,IT,1976-08,46.84,
ESTAT:APRO_MT_PWGTM(1.0),29/04/22 23:00:00,M,B3100,SL,THS_T,IT,1976-09,63.01,
ESTAT:APRO_MT_PWGTM(1.0),29/04/22 23:00:00,M,B3100,SL,THS_T,IT,1976-10,68.02,
ESTAT:APRO_MT_PWGTM(1.0),29/04/22 23:00:00,M,B3100,SL,THS_T,IT,1976-11,82.51,
ESTAT:APRO_MT_PWGTM(1.0),29/04/22 23:00:00,M,B3100,SL,THS_T,IT,1976-12,116.62,
ESTAT:APRO_MT_PWGTM(1.0),29/04/22 23:00:00,M,B3100,SL,THS_T,IT,1977-01,117.45,
ESTAT:APRO_MT_PWGTM(1.0),29/04/22 23:00:00,M,B3100,SL,THS_T,IT,1977-02,76.92,
ESTAT:APRO_MT_PWGTM(1.0),29/04/22 23:00:00,M,B3100,SL,THS_T,IT,1977-03,71.72,
ESTAT:APRO_MT_PWGTM(1.0),29/04/22 23:00:00,M,B3100,SL,THS_T,IT,1977-04,54.52,
ESTAT:APRO_MT_PWGTM(1.0),29/04/22 23:00:00,M,B3100,SL,THS_T,IT,1977-05,61.66,
ESTAT:APRO_MT_PWGTM(1.0),29/04/22 23:00:00,M,B3100,SL,THS_T,IT,1977-06,59.54,
ESTAT:APRO_MT_PWGTM(1.0),29/04/22 23:00:00,M,B3100,SL,THS_T,IT,1977-07,54.28,
ESTAT:APRO_MT_PWGTM(1.0),29/04/22 23:00:00,M,B3100,SL,THS_T,IT,1977-08,56.05,
ESTAT:APRO_MT_PWGTM(1.0),29/04/22 23:00:00,M,B3100,SL,THS_T,IT,1977-09,68.80,
ESTAT:APRO_MT_PWGTM(1.0),29/04/22 23:00:00,M,B3100,SL,THS_T,IT,1977-10,77.64,
ESTAT:APRO_MT_PWGTM(1.0),29/04/22 23:00:00,M,B3100,SL,THS_T,IT,1977-11,84.33,
ESTAT:APRO_MT_PWGTM(1.0),29/04/22 23:00:00,M,B3100,SL,THS_T,IT,1977-12,121.17,
ESTAT:APRO_MT_PWGTM(1.0),29/04/22 23:00:00,M,B3100,SL,THS_T,IT,1978-01,119.93,
ESTAT:APRO_MT_PWGTM(1.0),29/04/22 23:00:00,M,B3100,SL,THS_T,IT,1978-02,78.71,
ESTAT:APRO_MT_PWGTM(1.0),29/04/22 23:00:00,M,B3100,SL,THS_T,IT,1978-03,74.88,
ESTAT:APRO_MT_PWGTM(1.0),29/04/22 23:00:00,M,B3100,SL,THS_T,IT,1978-04,64.91,
ESTAT:APRO_MT_PWGTM(1.0),29/04/22 23:00:00,M,B3100,SL,THS_T,IT,1978-05,74.19,
ESTAT:APRO_MT_PWGTM(1.0),29/04/22 23:00:00,M,B3100,SL,THS_T,IT,1978-06,62.58,
ESTAT:APRO_MT_PWGTM(1.0),29/04/22 23:00:00,M,B3100,SL,THS_T,IT,1978-07,63.21,
ESTAT:APRO_MT_PWGTM(1.0),29/04/22 23:00:00,M,B3100,SL,THS_T,IT,1978-08,56.42,
ESTAT:APRO_MT_PWGTM(1.0),29/04/22 23:00:00,M,B3100,SL,THS_T,IT,1978-09,70.90,
ESTAT:APRO_MT_PWGTM(1.0),29/04/22 23:00:00,M,B3100,SL,THS_T,IT,1978-10,88.18,
ESTAT:APRO_MT_PWGTM(1.0),29/04/22 23:00:00,M,B3100,SL,THS_T,IT,1978-11,92.94,
ESTAT:APRO_MT_PWGTM(1.0),29/04/22 23:00:00,M,B3100,SL,THS_T,IT,1978-12,119.71,
ESTAT:APRO_MT_PWGTM(1.0),29/04/22 23:00:00,M,B3100,SL,THS_T,IT,1979-01,141.48,
ESTAT:APRO_MT_PWGTM(1.0),29/04/22 23:00:00,M,B3100,SL,THS_T,IT,1979-02,88.52,
ESTAT:APRO_MT_PWGTM(1.0),29/04/22 23:00:00,M,B3100,SL,THS_T,IT,1979-03,83.90,
ESTAT:APRO_MT_PWGTM(1.0),29/04/22 23:00:00,M,B3100,SL,THS_T,IT,1979-04,77.33,
ESTAT:APRO_MT_PWGTM(1.0),29/04/22 23:00:00,M,B3100,SL,THS_T,IT,1979-05,75.02,
ESTAT:APRO_MT_PWGTM(1.0),29/04/22 23:00:00,M,B3100,SL,THS_T,IT,1979-06,63.83,
ESTAT:APRO_MT_PWGTM(1.0),29/04/22 23:00:00,M,B3100,SL,THS_T,IT,1979-07,67.63,
ESTAT:APRO_MT_PWGTM(1.0),29/04/22 23:00:00,M,B3100,SL,THS_T,IT,1979-08,59.66,
ESTAT:APRO_MT_PWGTM(1.0),29/04/22 23:00:00,M,B3100,SL,THS_T,IT,1979-09,76.95,
ESTAT:APRO_MT_PWGTM(1.0),29/04/22 23:00:00,M,B3100,SL,THS_T,IT,1979-10,93.36,
ESTAT:APRO_MT_PWGTM(1.0),29/04/22 23:00:00,M,B3100,SL,THS_T,IT,1979-11,92.48,
ESTAT:APRO_MT_PWGTM(1.0),29/04/22 23:00:00,M,B3100,SL,THS_T,IT,1979-12,113.23,
ESTAT:APRO_MT_PWGTM(1.0),29/04/22 23:00:00,M,B3100,SL,THS_T,IT,1980-01,139.29,
ESTAT:APRO_MT_PWGTM(1.0),29/04/22 23:00:00,M,B3100,SL,THS_T,IT,1980-02,91.87,
ESTAT:APRO_MT_PWGTM(1.0),29/04/22 23:00:00,M,B3100,SL,THS_T,IT,1980-03,89.80,
ESTAT:APRO_MT_PWGTM(1.0),29/04/22 23:00:00,M,B3100,SL,THS_T,IT,1980-04,77.95,
ESTAT:APRO_MT_PWGTM(1.0),29/04/22 23:00:00,M,B3100,SL,THS_T,IT,1980-05,76.52,
ESTAT:APRO_MT_PWGTM(1.0),29/04/22 23:00:00,M,B3100,SL,THS_T,IT,1980-06,75.38,
ESTAT:APRO_MT_PWGTM(1.0),29/04/22 23:00:00,M,B3100,SL,THS_T,IT,1980-07,75.57,
ESTAT:APRO_MT_PWGTM(1.0),29/04/22 23:00:00,M,B3100,SL,THS_T,IT,1980-08,54.98,
ESTAT:APRO_MT_PWGTM(1.0),29/04/22 23:00:00,M,B3100,SL,THS_T,IT,1980-09,88.57,
ESTAT:APRO_MT_PWGTM(1.0),29/04/22 23:00:00,M,B3100,SL,THS_T,IT,1980-10,91.41,
ESTAT:APRO_MT_PWGTM(1.0),29/04/22 23:00:00,M,B3100,SL,THS_T,IT,1980-11,95.28,
ESTAT:APRO_MT_PWGTM(1.0),29/04/22 23:00:00,M,B3100,SL,THS_T,IT,1980-12,128.88,
ESTAT:APRO_MT_PWGTM(1.0),29/04/22 23:00:00,M,B3100,SL,THS_T,IT,1981-01,136.74,
ESTAT:APRO_MT_PWGTM(1.0),29/04/22 23:00:00,M,B3100,SL,THS_T,IT,1981-02,93.91,
ESTAT:APRO_MT_PWGTM(1.0),29/04/22 23:00:00,M,B3100,SL,THS_T,IT,1981-03,93.39,
ESTAT:APRO_MT_PWGTM(1.0),29/04/22 23:00:00,M,B3100,SL,THS_T,IT,1981-04,80.89,
ESTAT:APRO_MT_PWGTM(1.0),29/04/22 23:00:00,M,B3100,SL,THS_T,IT,1981-05,74.81,
ESTAT:APRO_MT_PWGTM(1.0),29/04/22 23:00:00,M,B3100,SL,THS_T,IT,1981-06,80.34,
ESTAT:APRO_MT_PWGTM(1.0),29/04/22 23:00:00,M,B3100,SL,THS_T,IT,1981-07,78.29,
ESTAT:APRO_MT_PWGTM(1.0),29/04/22 23:00:00,M,B3100,SL,THS_T,IT,1981-08,61.42,
ESTAT:APRO_MT_PWGTM(1.0),29/04/22 23:00:00,M,B3100,SL,THS_T,IT,1981-09,90.13,
ESTAT:APRO_MT_PWGTM(1.0),29/04/22 23:00:00,M,B3100,SL,THS_T,IT,1981-10,88.36,
ESTAT:APRO_MT_PWGTM(1.0),29/04/22 23:00:00,M,B3100,SL,THS_T,IT,1981-11,104.74,
ESTAT:APRO_MT_PWGTM(1.0),29/04/22 23:00:00,M,B3100,SL,THS_T,IT,1981-12,122.83,
ESTAT:APRO_MT_PWGTM(1.0),29/04/22 23:00:00,M,B3100,SL,THS_T,IT,1982-01,130.10,
ESTAT:APRO_MT_PWGTM(1.0),29/04/22 23:00:00,M,B3100,SL,THS_T,IT,1982-02,99.44,
ESTAT:APRO_MT_PWGTM(1.0),29/04/22 23:00:00,M,B3100,SL,THS_T,IT,1982-03,98.26,
ESTAT:APRO_MT_PWGTM(1.0),29/04/22 23:00:00,M,B3100,SL,THS_T,IT,1982-04,82.00,
ESTAT:APRO_MT_PWGTM(1.0),29/04/22 23:00:00,M,B3100,SL,THS_T,IT,1982-05,79.85,
ESTAT:APRO_MT_PWGTM(1.0),29/04/22 23:00:00,M,B3100,SL,THS_T,IT,1982-06,79.22,
ESTAT:APRO_MT_PWGTM(1.0),29/04/22 23:00:00,M,B3100,SL,THS_T,IT,1982-07,72.86,
ESTAT:APRO_MT_PWGTM(1.0),29/04/22 23:00:00,M,B3100,SL,THS_T,IT,1982-08,64.27,
ESTAT:APRO_MT_PWGTM(1.0),29/04/22 23:00:00,M,B3100,SL,THS_T,IT,1982-09,87.46,
ESTAT:APRO_MT_PWGTM(1.0),29/04/22 23:00:00,M,B3100,SL,THS_T,IT,1982-10,86.24,
ESTAT:APRO_MT_PWGTM(1.0),29/04/22 23:00:00,M,B3100,SL,THS_T,IT,1982-11,102.68,
ESTAT:APRO_MT_PWGTM(1.0),29/04/22 23:00:00,M,B3100,SL,THS_T,IT,1982-12,125.68,
ESTAT:APRO_MT_PWGTM(1.0),29/04/22 23:00:00,M,B3100,SL,THS_T,IT,1983-01,139.64,
ESTAT:APRO_MT_PWGTM(1.0),29/04/22 23:00:00,M,B3100,SL,THS_T,IT,1983-02,100.81,
ESTAT:APRO_MT_PWGTM(1.0),29/04/22 23:00:00,M,B3100,SL,THS_T,IT,1983-03,99.87,
ESTAT:APRO_MT_PWGTM(1.0),29/04/22 23:00:00,M,B3100,SL,THS_T,IT,1983-04,78.00,
ESTAT:APRO_MT_PWGTM(1.0),29/04/22 23:00:00,M,B3100,SL,THS_T,IT,1983-05,86.30,
ESTAT:APRO_MT_PWGTM(1.0),29/04/22 23:00:00,M,B3100,SL,THS_T,IT,1983-06,81.29,
ESTAT:APRO_MT_PWGTM(1.0),29/04/22 23:00:00,M,B3100,SL,THS_T,IT,1983-07,74.88,
ESTAT:APRO_MT_PWGTM(1.0),29/04/22 23:00:00,M,B3100,SL,THS_T,IT,1983-08,73.75,
ESTAT:APRO_MT_PWGTM(1.0),29/04/22 23:00:00,M,B3100,SL,THS_T,IT,1983-09,89.60,
ESTAT:APRO_MT_PWGTM(1.0),29/04/22 23:00:00,M,B3100,SL,THS_T,IT,1983-10,99.63,
ESTAT:APRO_MT_PWGTM(1.0),29/04/22 23:00:00,M,B3100,SL,THS_T,IT,1983-11,112.22,
ESTAT:APRO_MT_PWGTM(1.0),29/04/22 23:00:00,M,B3100,SL,THS_T,IT,1983-12,129.96,
ESTAT:APRO_MT_PWGTM(1.0),29/04/22 23:00:00,M,B3100,SL,THS_T,IT,1984-01,139.31,
ESTAT:APRO_MT_PWGTM(1.0),29/04/22 23:00:00,M,B3100,SL,THS_T,IT,1984-02,110.89,
ESTAT:APRO_MT_PWGTM(1.0),29/04/22 23:00:00,M,B3100,SL,THS_T,IT,1984-03,94.92,
ESTAT:APRO_MT_PWGTM(1.0),29/04/22 23:00:00,M,B3100,SL,THS_T,IT,1984-04,90.85,
ESTAT:APRO_MT_PWGTM(1.0),29/04/22 23:00:00,M,B3100,SL,THS_T,IT,1984-05,96.94,
ESTAT:APRO_MT_PWGTM(1.0),29/04/22 23:00:00,M,B3100,SL,THS_T,IT,1984-06,82.35,
ESTAT:APRO_MT_PWGTM(1.0),29/04/22 23:00:00,M,B3100,SL,THS_T,IT,1984-07,84.90,
ESTAT:APRO_MT_PWGTM(1.0),29/04/22 23:00:00,M,B3100,SL,THS_T,IT,1984-08,73.66,
ESTAT:APRO_MT_PWGTM(1.0),29/04/22 23:00:00,M,B3100,SL,THS_T,IT,1984-09,91.64,
ESTAT:APRO_MT_PWGTM(1.0),29/04/22 23:00:00,M,B3100,SL,THS_T,IT,1984-10,111.53,
ESTAT:APRO_MT_PWGTM(1.0),29/04/22 23:00:00,M,B3100,SL,THS_T,IT,1984-11,111.07,
ESTAT:APRO_MT_PWGTM(1.0),29/04/22 23:00:00,M,B3100,SL,THS_T,IT,1984-12,130.01,
ESTAT:APRO_MT_PWGTM(1.0),29/04/22 23:00:00,M,B3100,SL,THS_T,IT,1985-01,144.55,
ESTAT:APRO_MT_PWGTM(1.0),29/04/22 23:00:00,M,B3100,SL,THS_T,IT,1985-02,107.61,
ESTAT:APRO_MT_PWGTM(1.0),29/04/22 23:00:00,M,B3100,SL,THS_T,IT,1985-03,90.64,
ESTAT:APRO_MT_PWGTM(1.0),29/04/22 23:00:00,M,B3100,SL,THS_T,IT,1985-04,94.02,
ESTAT:APRO_MT_PWGTM(1.0),29/04/22 23:00:00,M,B3100,SL,THS_T,IT,1985-05,87.96,
ESTAT:APRO_MT_PWGTM(1.0),29/04/22 23:00:00,M,B3100,SL,THS_T,IT,1985-06,78.86,
ESTAT:APRO_MT_PWGTM(1.0),29/04/22 23:00:00,M,B3100,SL,THS_T,IT,1985-07,91.30,
ESTAT:APRO_MT_PWGTM(1.0),29/04/22 23:00:00,M,B3100,SL,THS_T,IT,1985-08,64.31,
ESTAT:APRO_MT_PWGTM(1.0),29/04/22 23:00:00,M,B3100,SL,THS_T,IT,1985-09,91.03,
ESTAT:APRO_MT_PWGTM(1.0),29/04/22 23:00:00,M,B3100,SL,THS_T,IT,1985-10,101.31,
ESTAT:APRO_MT_PWGTM(1.0),29/04/22 23:00:00,M,B3100,SL,THS_T,IT,1985-11,107.57,
ESTAT:APRO_MT_PWGTM(1.0),29/04/22 23:00:00,M,B3100,SL,THS_T,IT,1985-12,129.05,
ESTAT:APRO_MT_PWGTM(1.0),29/04/22 23:00:00,M,B3100,SL,THS_T,IT,1986-01,137.19,
ESTAT:APRO_MT_PWGTM(1.0),29/04/22 23:00:00,M,B3100,SL,THS_T,IT,1986-02,105.40,
ESTAT:APRO_MT_PWGTM(1.0),29/04/22 23:00:00,M,B3100,SL,THS_T,IT,1986-03,85.50,
ESTAT:APRO_MT_PWGTM(1.0),29/04/22 23:00:00,M,B3100,SL,THS_T,IT,1986-04,93.19,
ESTAT:APRO_MT_PWGTM(1.0),29/04/22 23:00:00,M,B3100,SL,THS_T,IT,1986-05,81.31,
ESTAT:APRO_MT_PWGTM(1.0),29/04/22 23:00:00,M,B3100,SL,THS_T,IT,1986-06,80.46,
ESTAT:APRO_MT_PWGTM(1.0),29/04/22 23:00:00,M,B3100,SL,THS_T,IT,1986-07,83.10,
ESTAT:APRO_MT_PWGTM(1.0),29/04/22 23:00:00,M,B3100,SL,THS_T,IT,1986-08,64.73,
ESTAT:APRO_MT_PWGTM(1.0),29/04/22 23:00:00,M,B3100,SL,THS_T,IT,1986-09,97.64,
ESTAT:APRO_MT_PWGTM(1.0),29/04/22 23:00:00,M,B3100,SL,THS_T,IT,1986-10,102.56,
ESTAT:APRO_MT_PWGTM(1.0),29/04/22 23:00:00,M,B3100,SL,THS_T,IT,1986-11,104.42,
ESTAT:APRO_MT_PWGTM(1.0),29/04/22 23:00:00,M,B3100,SL,THS_T,IT,1986-12,136.71,
ESTAT:APRO_MT_PWGTM(1.0),29/04/22 23:00:00,M,B3100,SL,THS_T,IT,1987-01,134.55,
ESTAT:APRO_MT_PWGTM(1.0),29/04/22 23:00:00,M,B3100,SL,THS_T,IT,1987-02,106.99,
ESTAT:APRO_MT_PWGTM(1.0),29/04/22 23:00:00,M,B3100,SL,THS_T,IT,1987-03,97.31,
ESTAT:APRO_MT_PWGTM(1.0),29/04/22 23:00:00,M,B3100,SL,THS_T,IT,1987-04,97.65,
ESTAT:APRO_MT_PWGTM(1.0),29/04/22 23:00:00,M,B3100,SL,THS_T,IT,1987-05,88.57,
ESTAT:APRO_MT_PWGTM(1.0),29/04/22 23:00:00,M,B3100,SL,THS_T,IT,1987-06,88.04,
ESTAT:APRO_MT_PWGTM(1.0),29/04/22 23:00:00,M,B3100,SL,THS_T,IT,1987-07,89.24,
ESTAT:APRO_MT_PWGTM(1.0),29/04/22 23:00:00,M,B3100,SL,THS_T,IT,1987-08,71.35,
ESTAT:APRO_MT_PWGTM(1.0),29/04/22 23:00:00,M,B3100,SL,THS_T,IT,1987-09,102.03,
ESTAT:APRO_MT_PWGTM(1.0),29/04/22 23:00:00,M,B3100,SL,THS_T,IT,1987-10,101.00,
ESTAT:APRO_MT_PWGTM(1.0),29/04/22 23:00:00,M,B3100,SL,THS_T,IT,1987-11,113.01,
ESTAT:APRO_MT_PWGTM(1.0),29/04/22 23:00:00,M,B3100,SL,THS_T,IT,1987-12,140.86,
ESTAT:APRO_MT_PWGTM(1.0),29/04/22 23:00:00,M,B3100,SL,THS_T,IT,1988-01,136.63,
ESTAT:APRO_MT_PWGTM(1.0),29/04/22 23:00:00,M,B3100,SL,THS_T,IT,1988-02,111.81,
ESTAT:APRO_MT_PWGTM(1.0),29/04/22 23:00:00,M,B3100,SL,THS_T,IT,1988-03,103.88,
ESTAT:APRO_MT_PWGTM(1.0),29/04/22 23:00:00,M,B3100,SL,THS_T,IT,1988-04,96.81,
ESTAT:APRO_MT_PWGTM(1.0),29/04/22 23:00:00,M,B3100,SL,THS_T,IT,1988-05,93.47,
ESTAT:APRO_MT_PWGTM(1.0),29/04/22 23:00:00,M,B3100,SL,THS_T,IT,1988-06,91.02,
ESTAT:APRO_MT_PWGTM(1.0),29/04/22 23:00:00,M,B3100,SL,THS_T,IT,1988-07,83.46,
ESTAT:APRO_MT_PWGTM(1.0),29/04/22 23:00:00,M,B3100,SL,THS_T,IT,1988-08,80.38,
ESTAT:APRO_MT_PWGTM(1.0),29/04/22 23:00:00,M,B3100,SL,THS_T,IT,1988-09,96.56,
ESTAT:APRO_MT_PWGTM(1.0),29/04/22 23:00:00,M,B3100,SL,THS_T,IT,1988-10,103.98,
ESTAT:APRO_MT_PWGTM(1.0),29/04/22 23:00:00,M,B3100,SL,THS_T,IT,1988-11,124.58,
ESTAT:APRO_MT_PWGTM(1.0),29/04/22 23:00:00,M,B3100,SL,THS_T,IT,1988-12,146.49,
ESTAT:APRO_MT_PWGTM(1.0),29/04/22 23:00:00,M,B3100,SL,THS_T,IT,1989-01,138.00,
ESTAT:APRO_MT_PWGTM(1.0),29/04/22 23:00:00,M,B3100,SL,THS_T,IT,1989-02,117.29,
ESTAT:APRO_MT_PWGTM(1.0),29/04/22 23:00:00,M,B3100,SL,THS_T,IT,1989-03,104.41,
ESTAT:APRO_MT_PWGTM(1.0),29/04/22 23:00:00,M,B3100,SL,THS_T,IT,1989-04,101.29,
ESTAT:APRO_MT_PWGTM(1.0),29/04/22 23:00:00,M,B3100,SL,THS_T,IT,1989-05,96.86,
ESTAT:APRO_MT_PWGTM(1.0),29/04/22 23:00:00,M,B3100,SL,THS_T,IT,1989-06,81.60,
ESTAT:APRO_MT_PWGTM(1.0),29/04/22 23:00:00,M,B3100,SL,THS_T,IT,1989-07,91.53,
ESTAT:APRO_MT_PWGTM(1.0),29/04/22 23:00:00,M,B3100,SL,THS_T,IT,1989-08,82.44,
ESTAT:APRO_MT_PWGTM(1.0),29/04/22 23:00:00,M,B3100,SL,THS_T,IT,1989-09,98.53,
ESTAT:APRO_MT_PWGTM(1.0),29/04/22 23:00:00,M,B3100,SL,THS_T,IT,1989-10,118.97,
ESTAT:APRO_MT_PWGTM(1.0),29/04/22 23:00:00,M,B3100,SL,THS_T,IT,1989-11,125.49,
ESTAT:APRO_MT_PWGTM(1.0),29/04/22 23:00:00,M,B3100,SL,THS_T,IT,1989-12,138.89,
ESTAT:APRO_MT_PWGTM(1.0),29/04/22 23:00:00,M,B3100,SL,THS_T,IT,1990-01,139.90,
ESTAT:APRO_MT_PWGTM(1.0),29/04/22 23:00:00,M,B3100,SL,THS_T,IT,1990-02,113.34,
ESTAT:APRO_MT_PWGTM(1.0),29/04/22 23:00:00,M,B3100,SL,THS_T,IT,1990-03,101.49,
ESTAT:APRO_MT_PWGTM(1.0),29/04/22 23:00:00,M,B3100,SL,THS_T,IT,1990-04,106.61,
ESTAT:APRO_MT_PWGTM(1.0),29/04/22 23:00:00,M,B3100,SL,THS_T,IT,1990-05,96.73,
ESTAT:APRO_MT_PWGTM(1.0),29/04/22 23:00:00,M,B3100,SL,THS_T,IT,1990-06,84.50,
ESTAT:APRO_MT_PWGTM(1.0),29/04/22 23:00:00,M,B3100,SL,THS_T,IT,1990-07,92.08,
ESTAT:APRO_MT_PWGTM(1.0),29/04/22 23:00:00,M,B3100,SL,THS_T,IT,1990-08,85.31,
ESTAT:APRO_MT_PWGTM(1.0),29/04/22 23:00:00,M,B3100,SL,THS_T,IT,1990-09,98.13,
ESTAT:APRO_MT_PWGTM(1.0),29/04/22 23:00:00,M,B3100,SL,THS_T,IT,1990-10,127.49,
ESTAT:APRO_MT_PWGTM(1.0),29/04/22 23:00:00,M,B3100,SL,THS_T,IT,1990-11,126.57,
ESTAT:APRO_MT_PWGTM(1.0),29/04/22 23:00:00,M,B3100,SL,THS_T,IT,1990-12,160.89,
ESTAT:APRO_MT_PWGTM(1.0),29/04/22 23:00:00,M,B3100,SL,THS_T,IT,1991-01,140.83,
ESTAT:APRO_MT_PWGTM(1.0),29/04/22 23:00:00,M,B3100,SL,THS_T,IT,1991-02,113.14,
ESTAT:APRO_MT_PWGTM(1.0),29/04/22 23:00:00,M,B3100,SL,THS_T,IT,1991-03,98.77,
ESTAT:APRO_MT_PWGTM(1.0),29/04/22 23:00:00,M,B3100,SL,THS_T,IT,1991-04,106.30,
ESTAT:APRO_MT_PWGTM(1.0),29/04/22 23:00:00,M,B3100,SL,THS_T,IT,1991-05,101.62,
ESTAT:APRO_MT_PWGTM(1.0),29/04/22 23:00:00,M,B3100,SL,THS_T,IT,1991-06,87.52,
ESTAT:APRO_MT_PWGTM(1.0),29/04/22 23:00:00,M,B3100,SL,THS_T,IT,1991-07,92.73,
ESTAT:APRO_MT_PWGTM(1.0),29/04/22 23:00:00,M,B3100,SL,THS_T,IT,1991-08,77.51,
ESTAT:APRO_MT_PWGTM(1.0),29/04/22 23:00:00,M,B3100,SL,THS_T,IT,1991-09,102.12,
ESTAT:APRO_MT_PWGTM(1.0),29/04/22 23:00:00,M,B3100,SL,THS_T,IT,1991-10,127.76,
ESTAT:APRO_MT_PWGTM(1.0),29/04/22 23:00:00,M,B3100,SL,THS_T,IT,1991-11,120.32,
ESTAT:APRO_MT_PWGTM(1.0),29/04/22 23:00:00,M,B3100,SL,THS_T,IT,1991-12,164.19,
ESTAT:APRO_MT_PWGTM(1.0),29/04/22 23:00:00,M,B3100,SL,THS_T,IT,1992-01,136.73,
ESTAT:APRO_MT_PWGTM(1.0),29/04/22 23:00:00,M,B3100,SL,THS_T,IT,1992-02,110.38,
ESTAT:APRO_MT_PWGTM(1.0),29/04/22 23:00:00,M,B3100,SL,THS_T,IT,1992-03,95.50,
ESTAT:APRO_MT_PWGTM(1.0),29/04/22 23:00:00,M,B3100,SL,THS_T,IT,1992-04,103.70,
ESTAT:APRO_MT_PWGTM(1.0),29/04/22 23:00:00,M,B3100,SL,THS_T,IT,1992-05,95.67,
ESTAT:APRO_MT_PWGTM(1.0),29/04/22 23:00:00,M,B3100,SL,THS_T,IT,1992-06,99.96,
ESTAT:APRO_MT_PWGTM(1.0),29/04/22 23:00:00,M,B3100,SL,THS_T,IT,1992-07,92.44,
ESTAT:APRO_MT_PWGTM(1.0),29/04/22 23:00:00,M,B3100,SL,THS_T,IT,1992-08,86.13,
ESTAT:APRO_MT_PWGTM(1.0),29/04/22 23:00:00,M,B3100,SL,THS_T,IT,1992-09,100.70,
ESTAT:APRO_MT_PWGTM(1.0),29/04/22 23:00:00,M,B3100,SL,THS_T,IT,1992-10,119.88,
ESTAT:APRO_MT_PWGTM(1.0),29/04/22 23:00:00,M,B3100,SL,THS_T,IT,1992-11,127.62,
ESTAT:APRO_MT_PWGTM(1.0),29/04/22 23:00:00,M,B3100,SL,THS_T,IT,1992-12,159.45,
ESTAT:APRO_MT_PWGTM(1.0),29/04/22 23:00:00,M,B3100,SL,THS_T,IT,1993-01,138.56,
ESTAT:APRO_MT_PWGTM(1.0),29/04/22 23:00:00,M,B3100,SL,THS_T,IT,1993-02,115.55,
ESTAT:APRO_MT_PWGTM(1.0),29/04/22 23:00:00,M,B3100,SL,THS_T,IT,1993-03,114.94,
ESTAT:APRO_MT_PWGTM(1.0),29/04/22 23:00:00,M,B3100,SL,THS_T,IT,1993-04,110.01,
ESTAT:APRO_MT_PWGTM(1.0),29/04/22 23:00:00,M,B3100,SL,THS_T,IT,1993-05,100.17,
ESTAT:APRO_MT_PWGTM(1.0),29/04/22 23:00:00,M,B3100,SL,THS_T,IT,1993-06,99.07,
ESTAT:APRO_MT_PWGTM(1.0),29/04/22 23:00:00,M,B3100,SL,THS_T,IT,1993-07,88.84,
ESTAT:APRO_MT_PWGTM(1.0),29/04/22 23:00:00,M,B3100,SL,THS_T,IT,1993-08,87.50,
ESTAT:APRO_MT_PWGTM(1.0),29/04/22 23:00:00,M,B3100,SL,THS_T,IT,1993-09,100.43,
ESTAT:APRO_MT_PWGTM(1.0),29/04/22 23:00:00,M,B3100,SL,THS_T,IT,1993-10,117.42,
ESTAT:APRO_MT_PWGTM(1.0),29/04/22 23:00:00,M,B3100,SL,THS_T,IT,1993-11,137.31,
ESTAT:APRO_MT_PWGTM(1.0),29/04/22 23:00:00,M,B3100,SL,THS_T,IT,1993-12,160.65,
ESTAT:APRO_MT_PWGTM(1.0),29/04/22 23:00:00,M,B3100,SL,THS_T,IT,1994-01,108.85,
ESTAT:APRO_MT_PWGTM(1.0),29/04/22 23:00:00,M,B3100,SL,THS_T,IT,1994-02,108.85,
ESTAT:APRO_MT_PWGTM(1.0),29/04/22 23:00:00,M,B3100,SL,THS_T,IT,1994-03,113.80,
ESTAT:APRO_MT_PWGTM(1.0),29/04/22 23:00:00,M,B3100,SL,THS_T,IT,1994-04,112.26,
ESTAT:APRO_MT_PWGTM(1.0),29/04/22 23:00:00,M,B3100,SL,THS_T,IT,1994-05,103.16,
ESTAT:APRO_MT_PWGTM(1.0),29/04/22 23:00:00,M,B3100,SL,THS_T,IT,1994-06,101.73,
ESTAT:APRO_MT_PWGTM(1.0),29/04/22 23:00:00,M,B3100,SL,THS_T,IT,1994-07,90.54,
ESTAT:APRO_MT_PWGTM(1.0),29/04/22 23:00:00,M,B3100,SL,THS_T,IT,1994-08,90.69,
ESTAT:APRO_MT_PWGTM(1.0),29/04/22 23:00:00,M,B3100,SL,THS_T,IT,1994-09,98.68,
ESTAT:APRO_MT_PWGTM(1.0),29/04/22 23:00:00,M,B3100,SL,THS_T,IT,1994-10,121.98,
ESTAT:APRO_MT_PWGTM(1.0),29/04/22 23:00:00,M,B3100,SL,THS_T,IT,1994-11,135.10,
ESTAT:APRO_MT_PWGTM(1.0),29/04/22 23:00:00,M,B3100,SL,THS_T,IT,1994-12,161.68,
ESTAT:APRO_MT_PWGTM(1.0),29/04/22 23:00:00,M,B3100,SL,THS_T,IT,1995-01,137.48,
ESTAT:APRO_MT_PWGTM(1.0),29/04/22 23:00:00,M,B3100,SL,THS_T,IT,1995-02,111.96,
ESTAT:APRO_MT_PWGTM(1.0),29/04/22 23:00:00,M,B3100,SL,THS_T,IT,1995-03,110.85,
ESTAT:APRO_MT_PWGTM(1.0),29/04/22 23:00:00,M,B3100,SL,THS_T,IT,1995-04,109.63,
ESTAT:APRO_MT_PWGTM(1.0),29/04/22 23:00:00,M,B3100,SL,THS_T,IT,1995-05,100.30,
ESTAT:APRO_MT_PWGTM(1.0),29/04/22 23:00:00,M,B3100,SL,THS_T,IT,1995-06,94.69,
ESTAT:APRO_MT_PWGTM(1.0),29/04/22 23:00:00,M,B3100,SL,THS_T,IT,1995-07,87.45,
ESTAT:APRO_MT_PWGTM(1.0),29/04/22 23:00:00,M,B3100,SL,THS_T,IT,1995-08,87.08,
ESTAT:APRO_MT_PWGTM(1.0),29/04/22 23:00:00,M,B3100,SL,THS_T,IT,1995-09,98.23,
ESTAT:APRO_MT_PWGTM(1.0),29/04/22 23:00:00,M,B3100,SL,THS_T,IT,1995-10,120.32,
ESTAT:APRO_MT_PWGTM(1.0),29/04/22 23:00:00,M,B3100,SL,THS_T,IT,1995-11,134.75,
ESTAT:APRO_MT_PWGTM(1.0),29/04/22 23:00:00,M,B3100,SL,THS_T,IT,1995-12,152.81,
ESTAT:APRO_MT_PWGTM(1.0),29/04/22 23:00:00,M,B3100,SL,THS_T,IT,1996-01,149.95,
ESTAT:APRO_MT_PWGTM(1.0),29/04/22 23:00:00,M,B3100,SL,THS_T,IT,1996-02,119.35,
ESTAT:APRO_MT_PWGTM(1.0),29/04/22 23:00:00,M,B3100,SL,THS_T,IT,1996-03,116.36,
ESTAT:APRO_MT_PWGTM(1.0),29/04/22 23:00:00,M,B3100,SL,THS_T,IT,1996-04,121.99,
ESTAT:APRO_MT_PWGTM(1.0),29/04/22 23:00:00,M,B3100,SL,THS_T,IT,1996-05,106.20,
ESTAT:APRO_MT_PWGTM(1.0),29/04/22 23:00:00,M,B3100,SL,THS_T,IT,1996-06,97.50,
ESTAT:APRO_MT_PWGTM(1.0),29/04/22 23:00:00,M,B3100,SL,THS_T,IT,1996-07,103.65,
ESTAT:APRO_MT_PWGTM(1.0),29/04/22 23:00:00,M,B3100,SL,THS_T,IT,1996-08,86.67,
ESTAT:APRO_MT_PWGTM(1.0),29/04/22 23:00:00,M,B3100,SL,THS_T,IT,1996-09,105.64,
ESTAT:APRO_MT_PWGTM(1.0),29/04/22 23:00:00,M,B3100,SL,THS_T,IT,1996-10,118.84,
ESTAT:APRO_MT_PWGTM(1.0),29/04/22 23:00:00,M,B3100,SL,THS_T,IT,1996-11,126.24,
ESTAT:APRO_MT_PWGTM(1.0),29/04/22 23:00:00,M,B3100,SL,THS_T,IT,1996-12,157.91,
ESTAT:APRO_MT_PWGTM(1.0),29/04/22 23:00:00,M,B3100,SL,THS_T,IT,1997-01,142.16,
ESTAT:APRO_MT_PWGTM(1.0),29/04/22 23:00:00,M,B3100,SL,THS_T,IT,1997-02,120.48,
ESTAT:APRO_MT_PWGTM(1.0),29/04/22 23:00:00,M,B3100,SL,THS_T,IT,1997-03,118.45,
ESTAT:APRO_MT_PWGTM(1.0),29/04/22 23:00:00,M,B3100,SL,THS_T,IT,1997-04,125.65,
ESTAT:APRO_MT_PWGTM(1.0),29/04/22 23:00:00,M,B3100,SL,THS_T,IT,1997-05,104.20,
ESTAT:APRO_MT_PWGTM(1.0),29/04/22 23:00:00,M,B3100,SL,THS_T,IT,1997-06,103.84,
ESTAT:APRO_MT_PWGTM(1.0),29/04/22 23:00:00,M,B3100,SL,THS_T,IT,1997-07,103.79,
ESTAT:APRO_MT_PWGTM(1.0),29/04/22 23:00:00,M,B3100,SL,THS_T,IT,1997-08,89.68,
ESTAT:APRO_MT_PWGTM(1.0),29/04/22 23:00:00,M,B3100,SL,THS_T,IT,1997-09,107.35,
ESTAT:APRO_MT_PWGTM(1.0),29/04/22 23:00:00,M,B3100,SL,THS_T,IT,1997-10,113.16,
ESTAT:APRO_MT_PWGTM(1.0),29/04/22 23:00:00,M,B3100,SL,THS_T,IT,1997-11,120.76,
ESTAT:APRO_MT_PWGTM(1.0),29/04/22 23:00:00,M,B3100,SL,THS_T,IT,1997-12,146.30,
ESTAT:APRO_MT_PWGTM(1.0),29/04/22 23:00:00,M,B3100,SL,THS_T,IT,1998-01,129.81,
ESTAT:APRO_MT_PWGTM(1.0),29/04/22 23:00:00,M,B3100,SL,THS_T,IT,1998-02,119.48,
ESTAT:APRO_MT_PWGTM(1.0),29/04/22 23:00:00,M,B3100,SL,THS_T,IT,1998-03,122.38,
ESTAT:APRO_MT_PWGTM(1.0),29/04/22 23:00:00,M,B3100,SL,THS_T,IT,1998-04,112.98,
ESTAT:APRO_MT_PWGTM(1.0),29/04/22 23:00:00,M,B3100,SL,THS_T,IT,1998-05,107.28,
ESTAT:APRO_MT_PWGTM(1.0),29/04/22 23:00:00,M,B3100,SL,THS_T,IT,1998-06,110.86,
ESTAT:APRO_MT_PWGTM(1.0),29/04/22 23:00:00,M,B3100,SL,THS_T,IT,1998-07,103.91,
ESTAT:APRO_MT_PWGTM(1.0),29/04/22 23:00:00,M,B3100,SL,THS_T,IT,1998-08,96.61,
ESTAT:APRO_MT_PWGTM(1.0),29/04/22 23:00:00,M,B3100,SL,THS_T,IT,1998-09,112.43,
ESTAT:APRO_MT_PWGTM(1.0),29/04/22 23:00:00,M,B3100,SL,THS_T,IT,1998-10,113.79,
ESTAT:APRO_MT_PWGTM(1.0),29/04/22 23:00:00,M,B3100,SL,THS_T,IT,1998-11,132.99,
ESTAT:APRO_MT_PWGTM(1.0),29/04/22 23:00:00,M,B3100,SL,THS_T,IT,1998-12,149.69,
ESTAT:APRO_MT_PWGTM(1.0),29/04/22 23:00:00,M,B3100,SL,THS_T,IT,1999-01,134.27,
ESTAT:APRO_MT_PWGTM(1.0),29/04/22 23:00:00,M,B3100,SL,THS_T,IT,1999-02,123.22,
ESTAT:APRO_MT_PWGTM(1.0),29/04/22 23:00:00,M,B3100,SL,THS_T,IT,1999-03,132.92,
ESTAT:APRO_MT_PWGTM(1.0),29/04/22 23:00:00,M,B3100,SL,THS_T,IT,1999-04,115.33,
ESTAT:APRO_MT_PWGTM(1.0),29/04/22 23:00:00,M,B3100,SL,THS_T,IT,1999-05,115.82,
ESTAT:APRO_MT_PWGTM(1.0),29/04/22 23:00:00,M,B3100,SL,THS_T,IT,1999-06,112.07,
ESTAT:APRO_MT_PWGTM(1.0),29/04/22 23:00:00,M,B3100,SL,THS_T,IT,1999-07,109.85,
ESTAT:APRO_MT_PWGTM(1.0),29/04/22 23:00:00,M,B3100,SL,THS_T,IT,1999-08,103.63,
ESTAT:APRO_MT_PWGTM(1.0),29/04/22 23:00:00,M,B3100,SL,THS_T,IT,1999-09,115.77,
ESTAT:APRO_MT_PWGTM(1.0),29/04/22 23:00:00,M,B3100,SL,THS_T,IT,1999-10,118.57,
ESTAT:APRO_MT_PWGTM(1.0),29/04/22 23:00:00,M,B3100,SL,THS_T,IT,1999-11,135.35,
ESTAT:APRO_MT_PWGTM(1.0),29/04/22 23:00:00,M,B3100,SL,THS_T,IT,1999-12,154.91,
ESTAT:APRO_MT_PWGTM(1.0),29/04/22 23:00:00,M,B3100,SL,THS_T,IT,2000-01,138.15,
ESTAT:APRO_MT_PWGTM(1.0),29/04/22 23:00:00,M,B3100,SL,THS_T,IT,2000-02,128.78,
ESTAT:APRO_MT_PWGTM(1.0),29/04/22 23:00:00,M,B3100,SL,THS_T,IT,2000-03,123.95,
ESTAT:APRO_MT_PWGTM(1.0),29/04/22 23:00:00,M,B3100,SL,THS_T,IT,2000-04,117.24,
ESTAT:APRO_MT_PWGTM(1.0),29/04/22 23:00:00,M,B3100,SL,THS_T,IT,2000-05,123.40,
ESTAT:APRO_MT_PWGTM(1.0),29/04/22 23:00:00,M,B3100,SL,THS_T,IT,2000-06,115.66,
ESTAT:APRO_MT_PWGTM(1.0),29/04/22 23:00:00,M,B3100,SL,THS_T,IT,2000-07,122.23,
ESTAT:APRO_MT_PWGTM(1.0),29/04/22 23:00:00,M,B3100,SL,THS_T,IT,2000-08,103.10,
ESTAT:APRO_MT_PWGTM(1.0),29/04/22 23:00:00,M,B3100,SL,THS_T,IT,2000-09,107.57,
ESTAT:APRO_MT_PWGTM(1.0),29/04/22 23:00:00,M,B3100,SL,THS_T,IT,2000-10,122.61,
ESTAT:APRO_MT_PWGTM(1.0),29/04/22 23:00:00,M,B3100,SL,THS_T,IT,2000-11,134.84,
ESTAT:APRO_MT_PWGTM(1.0),29/04/22 23:00:00,M,B3100,SL,THS_T,IT,2000-12,150.93,
ESTAT:APRO_MT_PWGTM(1.0),29/04/22 23:00:00,M,B3100,SL,THS_T,IT,2001-01,142.84,
ESTAT:APRO_MT_PWGTM(1.0),29/04/22 23:00:00,M,B3100,SL,THS_T,IT,2001-02,125.56,
ESTAT:APRO_MT_PWGTM(1.0),29/04/22 23:00:00,M,B3100,SL,THS_T,IT,2001-03,131.29,
ESTAT:APRO_MT_PWGTM(1.0),29/04/22 23:00:00,M,B3100,SL,THS_T,IT,2001-04,120.15,
ESTAT:APRO_MT_PWGTM(1.0),29/04/22 23:00:00,M,B3100,SL,THS_T,IT,2001-05,123.15,
ESTAT:APRO_MT_PWGTM(1.0),29/04/22 23:00:00,M,B3100,SL,THS_T,IT,2001-06,115.44,
ESTAT:APRO_MT_PWGTM(1.0),29/04/22 23:00:00,M,B3100,SL,THS_T,IT,2001-07,113.87,
ESTAT:APRO_MT_PWGTM(1.0),29/04/22 23:00:00,M,B3100,SL,THS_T,IT,2001-08,103.17,
ESTAT:APRO_MT_PWGTM(1.0),29/04/22 23:00:00,M,B3100,SL,THS_T,IT,2001-09,110.57,
ESTAT:APRO_MT_PWGTM(1.0),29/04/22 23:00:00,M,B3100,SL,THS_T,IT,2001-10,127.77,
ESTAT:APRO_MT_PWGTM(1.0),29/04/22 23:00:00,M,B3100,SL,THS_T,IT,2001-11,138.01,
ESTAT:APRO_MT_PWGTM(1.0),29/04/22 23:00:00,M,B3100,SL,THS_T,IT,2001-12,157.83,
ESTAT:APRO_MT_PWGTM(1.0),29/04/22 23:00:00,M,B3100,SL,THS_T,IT,2002-01,152.00,
ESTAT:APRO_MT_PWGTM(1.0),29/04/22 23:00:00,M,B3100,SL,THS_T,IT,2002-02,128.20,
ESTAT:APRO_MT_PWGTM(1.0),29/04/22 23:00:00,M,B3100,SL,THS_T,IT,2002-03,128.90,
ESTAT:APRO_MT_PWGTM(1.0),29/04/22 23:00:00,M,B3100,SL,THS_T,IT,2002-04,125.80,
ESTAT:APRO_MT_PWGTM(1.0),29/04/22 23:00:00,M,B3100,SL,THS_T,IT,2002-05,124.90,
ESTAT:APRO_MT_PWGTM(1.0),29/04/22 23:00:00,M,B3100,SL,THS_T,IT,2002-06,112.30,
ESTAT:APRO_MT_PWGTM(1.0),29/04/22 23:00:00,M,B3100,SL,THS_T,IT,2002-07,118.40,
ESTAT:APRO_MT_PWGTM(1.0),29/04/22 23:00:00,M,B3100,SL,THS_T,IT,2002-08,105.30,
ESTAT:APRO_MT_PWGTM(1.0),29/04/22 23:00:00,M,B3100,SL,THS_T,IT,2002-09,113.60,
ESTAT:APRO_MT_PWGTM(1.0),29/04/22 23:00:00,M,B3100,SL,THS_T,IT,2002-10,130.20,
ESTAT:APRO_MT_PWGTM(1.0),29/04/22 23:00:00,M,B3100,SL,THS_T,IT,2002-11,139.60,
ESTAT:APRO_MT_PWGTM(1.0),29/04/22 23:00:00,M,B3100,SL,THS_T,IT,2002-12,156.70,
ESTAT:APRO_MT_PWGTM(1.0),29/04/22 23:00:00,M,B3100,SL,THS_T,IT,2003-01,152.60,
ESTAT:APRO_MT_PWGTM(1.0),29/04/22 23:00:00,M,B3100,SL,THS_T,IT,2003-02,135.10,
ESTAT:APRO_MT_PWGTM(1.0),29/04/22 23:00:00,M,B3100,SL,THS_T,IT,2003-03,135.10,
ESTAT:APRO_MT_PWGTM(1.0),29/04/22 23:00:00,M,B3100,SL,THS_T,IT,2003-04,133.80,
ESTAT:APRO_MT_PWGTM(1.0),29/04/22 23:00:00,M,B3100,SL,THS_T,IT,2003-05,126.10,
ESTAT:APRO_MT_PWGTM(1.0),29/04/22 23:00:00,M,B3100,SL,THS_T,IT,2003-06,119.40,
ESTAT:APRO_MT_PWGTM(1.0),29/04/22 23:00:00,M,B3100,SL,THS_T,IT,2003-07,116.60,
ESTAT:APRO_MT_PWGTM(1.0),29/04/22 23:00:00,M,B3100,SL,THS_T,IT,2003-08,106.80,
ESTAT:APRO_MT_PWGTM(1.0),29/04/22 23:00:00,M,B3100,SL,THS_T,IT,2003-09,123.40,
ESTAT:APRO_MT_PWGTM(1.0),29/04/22 23:00:00,M,B3100,SL,THS_T,IT,2003-10,135.30,
ESTAT:APRO_MT_PWGTM(1.0),29/04/22 23:00:00,M,B3100,SL,THS_T,IT,2003-11,145.06,
ESTAT:APRO_MT_PWGTM(1.0),29/04/22 23:00:00,M,B3100,SL,THS_T,IT,2003-12,159.65,
ESTAT:APRO_MT_PWGTM(1.0),29/04/22 23:00:00,M,B3100,SL,THS_T,IT,2004-01,151.10,
ESTAT:APRO_MT_PWGTM(1.0),29/04/22 23:00:00,M,B3100,SL,THS_T,IT,2004-02,138.91,
ESTAT:APRO_MT_PWGTM(1.0),29/04/22 23:00:00,M,B3100,SL,THS_T,IT,2004-03,139.80,
ESTAT:APRO_MT_PWGTM(1.0),29/04/22 23:00:00,M,B3100,SL,THS_T,IT,2004-04,135.00,
ESTAT:APRO_MT_PWGTM(1.0),29/04/22 23:00:00,M,B3100,SL,THS_T,IT,2004-05,129.60,
ESTAT:APRO_MT_PWGTM(1.0),29/04/22 23:00:00,M,B3100,SL,THS_T,IT,2004-06,117.98,
ESTAT:APRO_MT_PWGTM(1.0),29/04/22 23:00:00,M,B3100,SL,THS_T,IT,2004-07,116.40,
ESTAT:APRO_MT_PWGTM(1.0),29/04/22 23:00:00,M,B3100,SL,THS_T,IT,2004-08,109.00,
ESTAT:APRO_MT_PWGTM(1.0),29/04/22 23:00:00,M,B3100,SL,THS_T,IT,2004-09,124.40,
ESTAT:APRO_MT_PWGTM(1.0),29/04/22 23:00:00,M,B3100,SL,THS_T,IT,2004-10,133.30,
ESTAT:APRO_MT_PWGTM(1.0),29/04/22 23:00:00,M,B3100,SL,THS_T,IT,2004-11,141.80,
ESTAT:APRO_MT_PWGTM(1.0),29/04/22 23:00:00,M,B3100,SL,THS_T,IT,2004-12,152.60,
ESTAT:APRO_MT_PWGTM(1.0),29/04/22 23:00:00,M,B3100,SL,THS_T,IT,2005-01,134.85,
ESTAT:APRO_MT_PWGTM(1.0),29/04/22 23:00:00,M,B3100,SL,THS_T,IT,2005-02,129.43,
ESTAT:APRO_MT_PWGTM(1.0),29/04/22 23:00:00,M,B3100,SL,THS_T,IT,2005-03,127.67,
ESTAT:APRO_MT_PWGTM(1.0),29/04/22 23:00:00,M,B3100,SL,THS_T,IT,2005-04,113.76,
ESTAT:APRO_MT_PWGTM(1.0),29/04/22 23:00:00,M,B3100,SL,THS_T,IT,2005-05,126.80,
ESTAT:APRO_MT_PWGTM(1.0),29/04/22 23:00:00,M,B3100,SL,THS_T,IT,2005-06,118.68,
ESTAT:APRO_MT_PWGTM(1.0),29/04/22 23:00:00,M,B3100,SL,THS_T,IT,2005-07,110.84,
ESTAT:APRO_MT_PWGTM(1.0),29/04/22 23:00:00,M,B3100,SL,THS_T,IT,2005-08,117.04,
ESTAT:APRO_MT_PWGTM(1.0),29/04/22 23:00:00,M,B3100,SL,THS_T,IT,2005-09,125.90,
ESTAT:APRO_MT_PWGTM(1.0),29/04/22 23:00:00,M,B3100,SL,THS_T,IT,2005-10,133.57,
ESTAT:APRO_MT_PWGTM(1.0),29/04/22 23:00:00,M,B3100,SL,THS_T,IT,2005-11,142.34,
ESTAT:APRO_MT_PWGTM(1.0),29/04/22 23:00:00,M,B3100,SL,THS_T,IT,2005-12,133.87,
ESTAT:APRO_MT_PWGTM(1.0),29/04/22 23:00:00,M,B3100,SL,THS_T,IT,2006-01,136.58,
ESTAT:APRO_MT_PWGTM(1.0),29/04/22 23:00:00,M,B3100,SL,THS_T,IT,2006-02,126.69,
ESTAT:APRO_MT_PWGTM(1.0),29/04/22 23:00:00,M,B3100,SL,THS_T,IT,2006-03,127.67,
ESTAT:APRO_MT_PWGTM(1.0),29/04/22 23:00:00,M,B3100,SL,THS_T,IT,2006-04,117.26,
ESTAT:APRO_MT_PWGTM(1.0),29/04/22 23:00:00,M,B3100,SL,THS_T,IT,2006-05,135.45,
ESTAT:APRO_MT_PWGTM(1.0),29/04/22 23:00:00,M,B3100,SL,THS_T,IT,2006-06,124.24,
ESTAT:APRO_MT_PWGTM(1.0),29/04/22 23:00:00,M,B3100,SL,THS_T,IT,2006-07,117.11,
ESTAT:APRO_MT_PWGTM(1.0),29/04/22 23:00:00,M,B3100,SL,THS_T,IT,2006-08,120.67,
ESTAT:APRO_MT_PWGTM(1.0),29/04/22 23:00:00,M,B3100,SL,THS_T,IT,2006-09,129.37,
ESTAT:APRO_MT_PWGTM(1.0),29/04/22 23:00:00,M,B3100,SL,THS_T,IT,2006-10,139.45,
ESTAT:APRO_MT_PWGTM(1.0),29/04/22 23:00:00,M,B3100,SL,THS_T,IT,2006-11,145.09,
ESTAT:APRO_MT_PWGTM(1.0),29/04/22 23:00:00,M,B3100,SL,THS_T,IT,2006-12,136.51,
ESTAT:APRO_MT_PWGTM(1.0),29/04/22 23:00:00,M,B3100,SL,THS_T,IT,2007-01,142.79,
ESTAT:APRO_MT_PWGTM(1.0),29/04/22 23:00:00,M,B3100,SL,THS_T,IT,2007-02,127.99,
ESTAT:APRO_MT_PWGTM(1.0),29/04/22 23:00:00,M,B3100,SL,THS_T,IT,2007-03,133.77,
ESTAT:APRO_MT_PWGTM(1.0),29/04/22 23:00:00,M,B3100,SL,THS_T,IT,2007-04,123.99,
ESTAT:APRO_MT_PWGTM(1.0),29/04/22 23:00:00,M,B3100,SL,THS_T,IT,2007-05,145.54,
ESTAT:APRO_MT_PWGTM(1.0),29/04/22 23:00:00,M,B3100,SL,THS_T,IT,2007-06,123.63,
ESTAT:APRO_MT_PWGTM(1.0),29/04/22 23:00:00,M,B3100,SL,THS_T,IT,2007-07,125.69,
ESTAT:APRO_MT_PWGTM(1.0),29/04/22 23:00:00,M,B3100,SL,THS_T,IT,2007-08,124.34,
ESTAT:APRO_MT_PWGTM(1.0),29/04/22 23:00:00,M,B3100,SL,THS_T,IT,2007-09,128.91,
ESTAT:APRO_MT_PWGTM(1.0),29/04/22 23:00:00,M,B3100,SL,THS_T,IT,2007-10,147.24,
ESTAT:APRO_MT_PWGTM(1.0),29/04/22 23:00:00,M,B3100,SL,THS_T,IT,2007-11,142.80,
ESTAT:APRO_MT_PWGTM(1.0),29/04/22 23:00:00,M,B3100,SL,THS_T,IT,2007-12,136.60,
ESTAT:APRO_MT_PWGTM(1.0),29/04/22 23:00:00,M,B3100,SL,THS_T,IT,2008-01,148.63,
ESTAT:APRO_MT_PWGTM(1.0),29/04/22 23:00:00,M,B3100,SL,THS_T,IT,2008-02,131.49,
ESTAT:APRO_MT_PWGTM(1.0),29/04/22 23:00:00,M,B3100,SL,THS_T,IT,2008-03,132.60,
ESTAT:APRO_MT_PWGTM(1.0),29/04/22 23:00:00,M,B3100,SL,THS_T,IT,2008-04,128.96,
ESTAT:APRO_MT_PWGTM(1.0),29/04/22 23:00:00,M,B3100,SL,THS_T,IT,2008-05,138.32,
ESTAT:APRO_MT_PWGTM(1.0),29/04/22 23:00:00,M,B3100,SL,THS_T,IT,2008-06,126.69,
ESTAT:APRO_MT_PWGTM(1.0),29/04/22 23:00:00,M,B3100,SL,THS_T,IT,2008-07,128.56,
ESTAT:APRO_MT_PWGTM(1.0),29/04/22 23:00:00,M,B3100,SL,THS_T,IT,2008-08,113.14,
ESTAT:APRO_MT_PWGTM(1.0),29/04/22 23:00:00,M,B3100,SL,THS_T,IT,2008-09,129.92,
ESTAT:APRO_MT_PWGTM(1.0),29/04/22 23:00:00,M,B3100,SL,THS_T,IT,2008-10,138.41,
ESTAT:APRO_MT_PWGTM(1.0),29/04/22 23:00:00,M,B3100,SL,THS_T,IT,2008-11,141.34,
ESTAT:APRO_MT_PWGTM(1.0),29/04/22 23:00:00,M,B3100,SL,THS_T,IT,2008-12,147.96,
ESTAT:APRO_MT_PWGTM(1.0),29/04/22 23:00:00,M,B3100,SL,THS_T,IT,2009-01,138.78,
ESTAT:APRO_MT_PWGTM(1.0),29/04/22 23:00:00,M,B3100,SL,THS_T,IT,2009-02,128.75,
ESTAT:APRO_MT_PWGTM(1.0),29/04/22 23:00:00,M,B3100,SL,THS_T,IT,2009-03,134.01,
ESTAT:APRO_MT_PWGTM(1.0),29/04/22 23:00:00,M,B3100,SL,THS_T,IT,2009-04,130.95,
ESTAT:APRO_MT_PWGTM(1.0),29/04/22 23:00:00,M,B3100,SL,THS_T,IT,2009-05,130.08,
ESTAT:APRO_MT_PWGTM(1.0),29/04/22 23:00:00,M,B3100,SL,THS_T,IT,2009-06,131.44,
ESTAT:APRO_MT_PWGTM(1.0),29/04/22 23:00:00,M,B3100,SL,THS_T,IT,2009-07,130.23,
ESTAT:APRO_MT_PWGTM(1.0),29/04/22 23:00:00,M,B3100,SL,THS_T,IT,2009-08,115.51,
ESTAT:APRO_MT_PWGTM(1.0),29/04/22 23:00:00,M,B3100,SL,THS_T,IT,2009-09,131.43,
ESTAT:APRO_MT_PWGTM(1.0),29/04/22 23:00:00,M,B3100,SL,THS_T,IT,2009-10,133.31,
ESTAT:APRO_MT_PWGTM(1.0),29/04/22 23:00:00,M,B3100,SL,THS_T,IT,2009-11,142.46,
ESTAT:APRO_MT_PWGTM(1.0),29/04/22 23:00:00,M,B3100,SL,THS_T,IT,2009-12,141.50,
ESTAT:APRO_MT_PWGTM(1.0),29/04/22 23:00:00,M,B3100,SL,THS_T,IT,2010-01,136.03,
ESTAT:APRO_MT_PWGTM(1.0),29/04/22 23:00:00,M,B3100,SL,THS_T,IT,2010-02,131.01,
ESTAT:APRO_MT_PWGTM(1.0),29/04/22 23:00:00,M,B3100,SL,THS_T,IT,2010-03,141.73,
ESTAT:APRO_MT_PWGTM(1.0),29/04/22 23:00:00,M,B3100,SL,THS_T,IT,2010-04,131.69,
ESTAT:APRO_MT_PWGTM(1.0),29/04/22 23:00:00,M,B3100,SL,THS_T,IT,2010-05,132.74,
ESTAT:APRO_MT_PWGTM(1.0),29/04/22 23:00:00,M,B3100,SL,THS_T,IT,2010-06,134.71,
ESTAT:APRO_MT_PWGTM(1.0),29/04/22 23:00:00,M,B3100,SL,THS_T,IT,2010-07,132.66,
ESTAT:APRO_MT_PWGTM(1.0),29/04/22 23:00:00,M,B3100,SL,THS_T,IT,2010-08,126.42,
ESTAT:APRO_MT_PWGTM(1.0),29/04/22 23:00:00,M,B3100,SL,THS_T,IT,2010-09,134.50,
ESTAT:APRO_MT_PWGTM(1.0),29/04/22 23:00:00,M,B3100,SL,THS_T,IT,2010-10,136.29,
ESTAT:APRO_MT_PWGTM(1.0),29/04/22 23:00:00,M,B3100,SL,THS_T,IT,2010-11,147.68,
ESTAT:APRO_MT_PWGTM(1.0),29/04/22 23:00:00,M,B3100,SL,THS_T,IT,2010-12,147.26,
ESTAT:APRO_MT_PWGTM(1.0),29/04/22 23:00:00,M,B3100,SL,THS_T,IT,2011-01,142.28,
ESTAT:APRO_MT_PWGTM(1.0),29/04/22 23:00:00,M,B3100,SL,THS_T,IT,2011-02,126.55,
ESTAT:APRO_MT_PWGTM(1.0),29/04/22 23:00:00,M,B3100,SL,THS_T,IT,2011-03,142.49,
ESTAT:APRO_MT_PWGTM(1.0),29/04/22 23:00:00,M,B3100,SL,THS_T,IT,2011-04,126.36,
ESTAT:APRO_MT_PWGTM(1.0),29/04/22 23:00:00,M,B3100,SL,THS_T,IT,2011-05,127.52,
ESTAT:APRO_MT_PWGTM(1.0),29/04/22 23:00:00,M,B3100,SL,THS_T,IT,2011-06,131.36,
ESTAT:APRO_MT_PWGTM(1.0),29/04/22 23:00:00,M,B3100,SL,THS_T,IT,2011-07,129.80,
ESTAT:APRO_MT_PWGTM(1.0),29/04/22 23:00:00,M,B3100,SL,THS_T,IT,2011-08,127.25,
ESTAT:APRO_MT_PWGTM(1.0),29/04/22 23:00:00,M,B3100,SL,THS_T,IT,2011-09,118.34,
ESTAT:APRO_MT_PWGTM(1.0),29/04/22 23:00:00,M,B3100,SL,THS_T,IT,2011-10,132.49,
ESTAT:APRO_MT_PWGTM(1.0),29/04/22 23:00:00,M,B3100,SL,THS_T,IT,2011-11,130.26,
ESTAT:APRO_MT_PWGTM(1.0),29/04/22 23:00:00,M,B3100,SL,THS_T,IT,2011-12,135.54,
ESTAT:APRO_MT_PWGTM(1.0),29/04/22 23:00:00,M,B3100,SL,THS_T,IT,2012-01,150.52,
ESTAT:APRO_MT_PWGTM(1.0),29/04/22 23:00:00,M,B3100,SL,THS_T,IT,2012-02,142.85,
ESTAT:APRO_MT_PWGTM(1.0),29/04/22 23:00:00,M,B3100,SL,THS_T,IT,2012-03,132.03,
ESTAT:APRO_MT_PWGTM(1.0),29/04/22 23:00:00,M,B3100,SL,THS_T,IT,2012-04,145.83,
ESTAT:APRO_MT_PWGTM(1.0),29/04/22 23:00:00,M,B3100,SL,THS_T,IT,2012-05,129.61,
ESTAT:APRO_MT_PWGTM(1.0),29/04/22 23:00:00,M,B3100,SL,THS_T,IT,2012-06,126.17,
ESTAT:APRO_MT_PWGTM(1.0),29/04/22 23:00:00,M,B3100,SL,THS_T,IT,2012-07,127.74,
ESTAT:APRO_MT_PWGTM(1.0),29/04/22 23:00:00,M,B3100,SL,THS_T,IT,2012-08,123.73,
ESTAT:APRO_MT_PWGTM(1.0),29/04/22 23:00:00,M,B3100,SL,THS_T,IT,2012-09,126.48,
ESTAT:APRO_MT_PWGTM(1.0),29/04/22 23:00:00,M,B3100,SL,THS_T,IT,2012-10,147.29,
ESTAT:APRO_MT_PWGTM(1.0),29/04/22 23:00:00,M,B3100,SL,THS_T,IT,2012-11,134.15,
ESTAT:APRO_MT_PWGTM(1.0),29/04/22 23:00:00,M,B3100,SL,THS_T,IT,2012-12,134.32,
ESTAT:APRO_MT_PWGTM(1.0),29/04/22 23:00:00,M,B3100,SL,THS_T,IT,2013-01,179.53,
ESTAT:APRO_MT_PWGTM(1.0),29/04/22 23:00:00,M,B3100,SL,THS_T,IT,2013-02,117.32,
ESTAT:APRO_MT_PWGTM(1.0),29/04/22 23:00:00,M,B3100,SL,THS_T,IT,2013-03,122.11,
ESTAT:APRO_MT_PWGTM(1.0),29/04/22 23:00:00,M,B3100,SL,THS_T,IT,2013-04,157.24,
ESTAT:APRO_MT_PWGTM(1.0),29/04/22 23:00:00,M,B3100,SL,THS_T,IT,2013-05,135.13,
ESTAT:APRO_MT_PWGTM(1.0),29/04/22 23:00:00,M,B3100,SL,THS_T,IT,2013-06,130.62,
ESTAT:APRO_MT_PWGTM(1.0),29/04/22 23:00:00,M,B3100,SL,THS_T,IT,2013-07,151.67,
ESTAT:APRO_MT_PWGTM(1.0),29/04/22 23:00:00,M,B3100,SL,THS_T,IT,2013-08,113.58,
ESTAT:APRO_MT_PWGTM(1.0),29/04/22 23:00:00,M,B3100,SL,THS_T,IT,2013-09,82.02,
ESTAT:APRO_MT_PWGTM(1.0),29/04/22 23:00:00,M,B3100,SL,THS_T,IT,2013-10,165.57,
ESTAT:APRO_MT_PWGTM(1.0),29/04/22 23:00:00,M,B3100,SL,THS_T,IT,2013-11,135.62,
ESTAT:APRO_MT_PWGTM(1.0),29/04/22 23:00:00,M,B3100,SL,THS_T,IT,2013-12,135.08,
ESTAT:APRO_MT_PWGTM(1.0),29/04/22 23:00:00,M,B3100,SL,THS_T,IT,2014-01,139.13,
ESTAT:APRO_MT_PWGTM(1.0),29/04/22 23:00:00,M,B3100,SL,THS_T,IT,2014-02,110.67,
ESTAT:APRO_MT_PWGTM(1.0),29/04/22 23:00:00,M,B3100,SL,THS_T,IT,2014-03,106.84,
ESTAT:APRO_MT_PWGTM(1.0),29/04/22 23:00:00,M,B3100,SL,THS_T,IT,2014-04,103.30,
ESTAT:APRO_MT_PWGTM(1.0),29/04/22 23:00:00,M,B3100,SL,THS_T,IT,2014-05,111.27,
ESTAT:APRO_MT_PWGTM(1.0),29/04/22 23:00:00,M,B3100,SL,THS_T,IT,2014-06,93.66,
ESTAT:APRO_MT_PWGTM(1.0),29/04/22 23:00:00,M,B3100,SL,THS_T,IT,2014-07,93.03,
ESTAT:APRO_MT_PWGTM(1.0),29/04/22 23:00:00,M,B3100,SL,THS_T,IT,2014-08,96.13,
ESTAT:APRO_MT_PWGTM(1.0),29/04/22 23:00:00,M,B3100,SL,THS_T,IT,2014-09,104.42,
ESTAT:APRO_MT_PWGTM(1.0),29/04/22 23:00:00,M,B3100,SL,THS_T,IT,2014-10,119.22,
ESTAT:APRO_MT_PWGTM(1.0),29/04/22 23:00:00,M,B3100,SL,THS_T,IT,2014-11,119.70,
ESTAT:APRO_MT_PWGTM(1.0),29/04/22 23:00:00,M,B3100,SL,THS_T,IT,2014-12,130.46,
ESTAT:APRO_MT_PWGTM(1.0),29/04/22 23:00:00,M,B3100,SL,THS_T,IT,2015-01,130.66,
ESTAT:APRO_MT_PWGTM(1.0),29/04/22 23:00:00,M,B3100,SL,THS_T,IT,2015-02,122.36,
ESTAT:APRO_MT_PWGTM(1.0),29/04/22 23:00:00,M,B3100,SL,THS_T,IT,2015-03,138.78,
ESTAT:APRO_MT_PWGTM(1.0),29/04/22 23:00:00,M,B3100,SL,THS_T,IT,2015-04,136.45,
ESTAT:APRO_MT_PWGTM(1.0),29/04/22 23:00:00,M,B3100,SL,THS_T,IT,2015-05,119.35,
ESTAT:APRO_MT_PWGTM(1.0),29/04/22 23:00:00,M,B3100,SL,THS_T,IT,2015-06,122.17,
ESTAT:APRO_MT_PWGTM(1.0),29/04/22 23:00:00,M,B3100,SL,THS_T,IT,2015-07,103.20,
ESTAT:APRO_MT_PWGTM(1.0),29/04/22 23:00:00,M,B3100,SL,THS_T,IT,2015-08,110.38,
ESTAT:APRO_MT_PWGTM(1.0),29/04/22 23:00:00,M,B3100,SL,THS_T,IT,2015-09,115.96,
ESTAT:APRO_MT_PWGTM(1.0),29/04/22 23:00:00,M,B3100,SL,THS_T,IT,2015-10,129.93,
ESTAT:APRO_MT_PWGTM(1.0),29/04/22 23:00:00,M,B3100,SL,THS_T,IT,2015-11,124.70,
ESTAT:APRO_MT_PWGTM(1.0),29/04/22 23:00:00,M,B3100,SL,THS_T,IT,2015-12,131.90,
ESTAT:APRO_MT_PWGTM(1.0),29/04/22 23:00:00,M,B3100,SL,THS_T,IT,2016-01,131.56,
ESTAT:APRO_MT_PWGTM(1.0),29/04/22 23:00:00,M,B3100,SL,THS_T,IT,2016-02,123.33,
ESTAT:APRO_MT_PWGTM(1.0),29/04/22 23:00:00,M,B3100,SL,THS_T,IT,2016-03,142.42,
ESTAT:APRO_MT_PWGTM(1.0),29/04/22 23:00:00,M,B3100,SL,THS_T,IT,2016-04,132.87,
ESTAT:APRO_MT_PWGTM(1.0),29/04/22 23:00:00,M,B3100,SL,THS_T,IT,2016-05,120.69,
ESTAT:APRO_MT_PWGTM(1.0),29/04/22 23:00:00,M,B3100,SL,THS_T,IT,2016-06,131.52,
ESTAT:APRO_MT_PWGTM(1.0),29/04/22 23:00:00,M,B3100,SL,THS_T,IT,2016-07,114.55,
ESTAT:APRO_MT_PWGTM(1.0),29/04/22 23:00:00,M,B3100,SL,THS_T,IT,2016-08,113.72,
ESTAT:APRO_MT_PWGTM(1.0),29/04/22 23:00:00,M,B3100,SL,THS_T,IT,2016-09,128.69,
ESTAT:APRO_MT_PWGTM(1.0),29/04/22 23:00:00,M,B3100,SL,THS_T,IT,2016-10,131.01,
ESTAT:APRO_MT_PWGTM(1.0),29/04/22 23:00:00,M,B3100,SL,THS_T,IT,2016-11,129.76,
ESTAT:APRO_MT_PWGTM(1.0),29/04/22 23:00:00,M,B3100,SL,THS_T,IT,2016-12,144.03,
ESTAT:APRO_MT_PWGTM(1.0),29/04/22 23:00:00,M,B3100,SL,THS_T,IT,2017-01,122.62,
ESTAT:APRO_MT_PWGTM(1.0),29/04/22 23:00:00,M,B3100,SL,THS_T,IT,2017-02,116.51,
ESTAT:APRO_MT_PWGTM(1.0),29/04/22 23:00:00,M,B3100,SL,THS_T,IT,2017-03,140.26,
ESTAT:APRO_MT_PWGTM(1.0),29/04/22 23:00:00,M,B3100,SL,THS_T,IT,2017-04,128.59,
ESTAT:APRO_MT_PWGTM(1.0),29/04/22 23:00:00,M,B3100,SL,THS_T,IT,2017-05,127.58,
ESTAT:APRO_MT_PWGTM(1.0),29/04/22 23:00:00,M,B3100,SL,THS_T,IT,2017-06,126.94,
ESTAT:APRO_MT_PWGTM(1.0),29/04/22 23:00:00,M,B3100,SL,THS_T,IT,2017-07,107.00,
ESTAT:APRO_MT_PWGTM(1.0),29/04/22 23:00:00,M,B3100,SL,THS_T,IT,2017-08,107.45,
ESTAT:APRO_MT_PWGTM(1.0),29/04/22 23:00:00,M,B3100,SL,THS_T,IT,2017-09,108.53,
ESTAT:APRO_MT_PWGTM(1.0),29/04/22 23:00:00,M,B3100,SL,THS_T,IT,2017-10,133.05,
ESTAT:APRO_MT_PWGTM(1.0),29/04/22 23:00:00,M,B3100,SL,THS_T,IT,2017-11,125.36,
ESTAT:APRO_MT_PWGTM(1.0),29/04/22 23:00:00,M,B3100,SL,THS_T,IT,2017-12,123.07,
ESTAT:APRO_MT_PWGTM(1.0),29/04/22 23:00:00,M,B3100,SL,THS_T,IT,2018-01,135.83,
ESTAT:APRO_MT_PWGTM(1.0),29/04/22 23:00:00,M,B3100,SL,THS_T,IT,2018-02,128.73,
ESTAT:APRO_MT_PWGTM(1.0),29/04/22 23:00:00,M,B3100,SL,THS_T,IT,2018-03,125.96,
ESTAT:APRO_MT_PWGTM(1.0),29/04/22 23:00:00,M,B3100,SL,THS_T,IT,2018-04,127.37,
ESTAT:APRO_MT_PWGTM(1.0),29/04/22 23:00:00,M,B3100,SL,THS_T,IT,2018-05,125.07,
ESTAT:APRO_MT_PWGTM(1.0),29/04/22 23:00:00,M,B3100,SL,THS_T,IT,2018-06,123.40,
ESTAT:APRO_MT_PWGTM(1.0),29/04/22 23:00:00,M,B3100,SL,THS_T,IT,2018-07,115.77,
ESTAT:APRO_MT_PWGTM(1.0),29/04/22 23:00:00,M,B3100,SL,THS_T,IT,2018-08,109.20,
ESTAT:APRO_MT_PWGTM(1.0),29/04/22 23:00:00,M,B3100,SL,THS_T,IT,2018-09,115.09,
ESTAT:APRO_MT_PWGTM(1.0),29/04/22 23:00:00,M,B3100,SL,THS_T,IT,2018-10,123.76,
ESTAT:APRO_MT_PWGTM(1.0),29/04/22 23:00:00,M,B3100,SL,THS_T,IT,2018-11,121.60,
ESTAT:APRO_MT_PWGTM(1.0),29/04/22 23:00:00,M,B3100,SL,THS_T,IT,2018-12,118.89,
ESTAT:APRO_MT_PWGTM(1.0),29/04/22 23:00:00,M,B3100,SL,THS_T,IT,2019-01,127.61,
ESTAT:APRO_MT_PWGTM(1.0),29/04/22 23:00:00,M,B3100,SL,THS_T,IT,2019-02,135.90,
ESTAT:APRO_MT_PWGTM(1.0),29/04/22 23:00:00,M,B3100,SL,THS_T,IT,2019-03,128.25,
ESTAT:APRO_MT_PWGTM(1.0),29/04/22 23:00:00,M,B3100,SL,THS_T,IT,2019-04,124.75,
ESTAT:APRO_MT_PWGTM(1.0),29/04/22 23:00:00,M,B3100,SL,THS_T,IT,2019-05,118.70,
ESTAT:APRO_MT_PWGTM(1.0),29/04/22 23:00:00,M,B3100,SL,THS_T,IT,2019-06,124.15,
ESTAT:APRO_MT_PWGTM(1.0),29/04/22 23:00:00,M,B3100,SL,THS_T,IT,2019-07,109.29,
ESTAT:APRO_MT_PWGTM(1.0),29/04/22 23:00:00,M,B3100,SL,THS_T,IT,2019-08,105.39,
ESTAT:APRO_MT_PWGTM(1.0),29/04/22 23:00:00,M,B3100,SL,THS_T,IT,2019-09,110.82,
ESTAT:APRO_MT_PWGTM(1.0),29/04/22 23:00:00,M,B3100,SL,THS_T,IT,2019-10,117.64,
ESTAT:APRO_MT_PWGTM(1.0),29/04/22 23:00:00,M,B3100,SL,THS_T,IT,2019-11,123.22,
ESTAT:APRO_MT_PWGTM(1.0),29/04/22 23:00:00,M,B3100,SL,THS_T,IT,2019-12,121.92,
ESTAT:APRO_MT_PWGTM(1.0),29/04/22 23:00:00,M,B3100,SL,THS_T,IT,2020-01,114.48,
ESTAT:APRO_MT_PWGTM(1.0),29/04/22 23:00:00,M,B3100,SL,THS_T,IT,2020-02,99.74,
ESTAT:APRO_MT_PWGTM(1.0),29/04/22 23:00:00,M,B3100,SL,THS_T,IT,2020-03,96.29,
ESTAT:APRO_MT_PWGTM(1.0),29/04/22 23:00:00,M,B3100,SL,THS_T,IT,2020-04,97.05,
ESTAT:APRO_MT_PWGTM(1.0),29/04/22 23:00:00,M,B3100,SL,THS_T,IT,2020-05,97.63,
ESTAT:APRO_MT_PWGTM(1.0),29/04/22 23:00:00,M,B3100,SL,THS_T,IT,2020-06,112.70,
ESTAT:APRO_MT_PWGTM(1.0),29/04/22 23:00:00,M,B3100,SL,THS_T,IT,2020-07,108.05,
ESTAT:APRO_MT_PWGTM(1.0),29/04/22 23:00:00,M,B3100,SL,THS_T,IT,2020-08,99.39,
ESTAT:APRO_MT_PWGTM(1.0),29/04/22 23:00:00,M,B3100,SL,THS_T,IT,2020-09,103.78,
ESTAT:APRO_MT_PWGTM(1.0),29/04/22 23:00:00,M,B3100,SL,THS_T,IT,2020-10,107.67,
ESTAT:APRO_MT_PWGTM(1.0),29/04/22 23:00:00,M,B3100,SL,THS_T,IT,2020-11,108.82,
ESTAT:APRO_MT_PWGTM(1.0),29/04/22 23:00:00,M,B3100,SL,THS_T,IT,2020-12,125.29,
ESTAT:APRO_MT_PWGTM(1.0),29/04/22 23:00:00,M,B3100,SL,THS_T,IT,2021-01,113.37,
ESTAT:APRO_MT_PWGTM(1.0),29/04/22 23:00:00,M,B3100,SL,THS_T,IT,2021-02,109.82,
ESTAT:APRO_MT_PWGTM(1.0),29/04/22 23:00:00,M,B3100,SL,THS_T,IT,2021-03,127.64,
ESTAT:APRO_MT_PWGTM(1.0),29/04/22 23:00:00,M,B3100,SL,THS_T,IT,2021-04,111.55,
ESTAT:APRO_MT_PWGTM(1.0),29/04/22 23:00:00,M,B3100,SL,THS_T,IT,2021-05,112.90,
ESTAT:APRO_MT_PWGTM(1.0),29/04/22 23:00:00,M,B3100,SL,THS_T,IT,2021-06,102.38,
ESTAT:APRO_MT_PWGTM(1.0),29/04/22 23:00:00,M,B3100,SL,THS_T,IT,2021-07,102.12,
ESTAT:APRO_MT_PWGTM(1.0),29/04/22 23:00:00,M,B3100,SL,THS_T,IT,2021-08,104.62,
ESTAT:APRO_MT_PWGTM(1.0),29/04/22 23:00:00,M,B3100,SL,THS_T,IT,2021-09,109.59,
ESTAT:APRO_MT_PWGTM(1.0),29/04/22 23:00:00,M,B3100,SL,THS_T,IT,2021-10,100.25,
ESTAT:APRO_MT_PWGTM(1.0),29/04/22 23:00:00,M,B3100,SL,THS_T,IT,2021-11,114.05,
ESTAT:APRO_MT_PWGTM(1.0),29/04/22 23:00:00,M,B3100,SL,THS_T,IT,2021-12,127.13,
ESTAT:APRO_MT_PWGTM(1.0),29/04/22 23:00:00,M,B3100,SL,THS_T,IT,2022-01,104.42,
ESTAT:APRO_MT_PWGTM(1.0),29/04/22 23:00:00,M,B3100,SL,THS_T,IT,2022-02,102.22,
ESTAT:APRO_MT_PWGTM(1.0),29/04/22 23:00:00,M,B4110,SL,THS_T,IE,1982-01,1.60,
ESTAT:APRO_MT_PWGTM(1.0),29/04/22 23:00:00,M,B4110,SL,THS_T,IE,1982-02,1.50,
ESTAT:APRO_MT_PWGTM(1.0),29/04/22 23:00:00,M,B4110,SL,THS_T,IE,1982-03,1.80,
ESTAT:APRO_MT_PWGTM(1.0),29/04/22 23:00:00,M,B4110,SL,THS_T,IE,1982-04,1.90,
ESTAT:APRO_MT_PWGTM(1.0),29/04/22 23:00:00,M,B4110,SL,THS_T,IE,1982-05,2.30,
ESTAT:APRO_MT_PWGTM(1.0),29/04/22 23:00:00,M,B4110,SL,THS_T,IE,1982-06,2.90,
ESTAT:APRO_MT_PWGTM(1.0),29/04/22 23:00:00,M,B4110,SL,THS_T,IE,1982-07,3.40,
ESTAT:APRO_MT_PWGTM(1.0),29/04/22 23:00:00,M,B4110,SL,THS_T,IE,1982-08,3.30,
ESTAT:APRO_MT_PWGTM(1.0),29/04/22 23:00:00,M,B4110,SL,THS_T,IE,1982-09,3.40,
ESTAT:APRO_MT_PWGTM(1.0),29/04/22 23:00:00,M,B4110,SL,THS_T,IE,1982-10,3.30,
ESTAT:APRO_MT_PWGTM(1.0),29/04/22 23:00:00,M,B4110,SL,THS_T,IE,1982-11,3.00,
ESTAT:APRO_MT_PWGTM(1.0),29/04/22 23:00:00,M,B4110,SL,THS_T,IE,1982-12,2.60,
ESTAT:APRO_MT_PWGTM(1.0),29/04/22 23:00:00,M,B4110,SL,THS_T,IE,1983-01,1.80,
ESTAT:APRO_MT_PWGTM(1.0),29/04/22 23:00:00,M,B4110,SL,THS_T,IE,1983-02,1.50,
ESTAT:APRO_MT_PWGTM(1.0),29/04/22 23:00:00,M,B4110,SL,THS_T,IE,1983-03,1.50,
ESTAT:APRO_MT_PWGTM(1.0),29/04/22 23:00:00,M,B4110,SL,THS_T,IE,1983-04,1.50,
ESTAT:APRO_MT_PWGTM(1.0),29/04/22 23:00:00,M,B4110,SL,THS_T,IE,1983-05,2.40,
ESTAT:APRO_MT_PWGTM(1.0),29/04/22 23:00:00,M,B4110,SL,THS_T,IE,1983-06,3.00,
ESTAT:APRO_MT_PWGTM(1.0),29/04/22 23:00:00,M,B4110,SL,THS_T,IE,1983-07,3.10,
ESTAT:APRO_MT_PWGTM(1.0),29/04/22 23:00:00,M,B4110,SL,THS_T,IE,1983-08,3.10,
ESTAT:APRO_MT_PWGTM(1.0),29/04/22 23:00:00,M,B4110,SL,THS_T,IE,1983-09,3.00,
ESTAT:APRO_MT_PWGTM(1.0),29/04/22 23:00:00,M,B4110,SL,THS_T,IE,1983-10,2.70,
ESTAT:APRO_MT_PWGTM(1.0),29/04/22 23:00:00,M,B4110,SL,THS_T,IE,1983-11,2.70,
ESTAT:APRO_MT_PWGTM(1.0),29/04/22 23:00:00,M,B4110,SL,THS_T,IE,1983-12,2.50,
ESTAT:APRO_MT_PWGTM(1.0),29/04/22 23:00:00,M,B4110,SL,THS_T,IE,1984-01,2.00,
ESTAT:APRO_MT_PWGTM(1.0),29/04/22 23:00:00,M,B4110,SL,THS_T,IE,1984-02,1.80,
ESTAT:APRO_MT_PWGTM(1.0),29/04/22 23:00:00,M,B4110,SL,THS_T,IE,1984-03,1.40,
ESTAT:APRO_MT_PWGTM(1.0),29/04/22 23:00:00,M,B4110,SL,THS_T,IE,1984-04,1.50,
ESTAT:APRO_MT_PWGTM(1.0),29/04/22 23:00:00,M,B4110,SL,THS_T,IE,1984-05,3.00,
ESTAT:APRO_MT_PWGTM(1.0),29/04/22 23:00:00,M,B4110,SL,THS_T,IE,1984-06,3.10,
ESTAT:APRO_MT_PWGTM(1.0),29/04/22 23:00:00,M,B4110,SL,THS_T,IE,1984-07,2.80,
ESTAT:APRO_MT_PWGTM(1.0),29/04/22 23:00:00,M,B4110,SL,THS_T,IE,1984-08,3.10,
ESTAT:APRO_MT_PWGTM(1.0),29/04/22 23:00:00,M,B4110,SL,THS_T,IE,1984-09,2.80,
ESTAT:APRO_MT_PWGTM(1.0),29/04/22 23:00:00,M,B4110,SL,THS_T,IE,1984-10,2.80,
ESTAT:APRO_MT_PWGTM(1.0),29/04/22 23:00:00,M,B4110,SL,THS_T,IE,1984-11,2.40,
ESTAT:APRO_MT_PWGTM(1.0),29/04/22 23:00:00,M,B4110,SL,THS_T,IE,1984-12,2.20,
ESTAT:APRO_MT_PWGTM(1.0),29/04/22 23:00:00,M,B4110,SL,THS_T,IE,1985-01,2.00,
ESTAT:APRO_MT_PWGTM(1.0),29/04/22 23:00:00,M,B4110,SL,THS_T,IE,1985-02,1.70,
ESTAT:APRO_MT_PWGTM(1.0),29/04/22 23:00:00,M,B4110,SL,THS_T,IE,1985-03,1.90,
ESTAT:APRO_MT_PWGTM(1.0),29/04/22 23:00:00,M,B4110,SL,THS_T,IE,1985-04,1.80,
ESTAT:APRO_MT_PWGTM(1.0),29/04/22 23:00:00,M,B4110,SL,THS_T,IE,1985-05,3.30,
ESTAT:APRO_MT_PWGTM(1.0),29/04/22 23:00:00,M,B4110,SL,THS_T,IE,1985-06,3.60,
ESTAT:APRO_MT_PWGTM(1.0),29/04/22 23:00:00,M,B4110,SL,THS_T,IE,1985-07,4.60,
ESTAT:APRO_MT_PWGTM(1.0),29/04/22 23:00:00,M,B4110,SL,THS_T,IE,1985-08,3.60,
ESTAT:APRO_MT_PWGTM(1.0),29/04/22 23:00:00,M,B4110,SL,THS_T,IE,1985-09,3.70,
ESTAT:APRO_MT_PWGTM(1.0),29/04/22 23:00:00,M,B4110,SL,THS_T,IE,1985-10,3.70,
ESTAT:APRO_MT_PWGTM(1.0),29/04/22 23:00:00,M,B4110,SL,THS_T,IE,1985-11,2.90,
ESTAT:APRO_MT_PWGTM(1.0),29/04/22 23:00:00,M,B4110,SL,THS_T,IE,1985-12,2.90,
ESTAT:APRO_MT_PWGTM(1.0),29/04/22 23:00:00,M,B4110,SL,THS_T,IE,1986-01,1.90,
ESTAT:APRO_MT_PWGTM(1.0),29/04/22 23:00:00,M,B4110,SL,THS_T,IE,1986-02,1.40,
ESTAT:APRO_MT_PWGTM(1.0),29/04/22 23:00:00,M,B4110,SL,THS_T,IE,1986-03,1.30,
ESTAT:APRO_MT_PWGTM(1.0),29/04/22 23:00:00,M,B4110,SL,THS_T,IE,1986-04,1.40,
ESTAT:APRO_MT_PWGTM(1.0),29/04/22 23:00:00,M,B4110,SL,THS_T,IE,1986-05,2.80,
ESTAT:APRO_MT_PWGTM(1.0),29/04/22 23:00:00,M,B4110,SL,THS_T,IE,1986-06,3.60,
ESTAT:APRO_MT_PWGTM(1.0),29/04/22 23:00:00,M,B4110,SL,THS_T,IE,1986-07,3.90,
ESTAT:APRO_MT_PWGTM(1.0),29/04/22 23:00:00,M,B4110,SL,THS_T,IE,1986-08,3.00,
ESTAT:APRO_MT_PWGTM(1.0),29/04/22 23:00:00,M,B4110,SL,THS_T,IE,1986-09,3.50,
ESTAT:APRO_MT_PWGTM(1.0),29/04/22 23:00:00,M,B4110,SL,THS_T,IE,1986-10,3.60,
ESTAT:APRO_MT_PWGTM(1.0),29/04/22 23:00:00,M,B4110,SL,THS_T,IE,1986-11,2.90,
ESTAT:APRO_MT_PWGTM(1.0),29/04/22 23:00:00,M,B4110,SL,THS_T,IE,1986-12,3.20,
ESTAT:APRO_MT_PWGTM(1.0),29/04/22 23:00:00,M,B4110,SL,THS_T,IE,1987-01,1.90,
ESTAT:APRO_MT_PWGTM(1.0),29/04/22 23:00:00,M,B4110,SL,THS_T,IE,1987-02,1.80,
ESTAT:APRO_MT_PWGTM(1.0),29/04/22 23:00:00,M,B4110,SL,THS_T,IE,1987-03,1.50,
ESTAT:APRO_MT_PWGTM(1.0),29/04/22 23:00:00,M,B4110,SL,THS_T,IE,1987-04,1.80,
ESTAT:APRO_MT_PWGTM(1.0),29/04/22 23:00:00,M,B4110,SL,THS_T,IE,1987-05,3.40,
ESTAT:APRO_MT_PWGTM(1.0),29/04/22 23:00:00,M,B4110,SL,THS_T,IE,1987-06,4.10,
ESTAT:APRO_MT_PWGTM(1.0),29/04/22 23:00:00,M,B4110,SL,THS_T,IE,1987-07,4.00,
ESTAT:APRO_MT_PWGTM(1.0),29/04/22 23:00:00,M,B4110,SL,THS_T,IE,1987-08,2.80,
ESTAT:APRO_MT_PWGTM(1.0),29/04/22 23:00:00,M,B4110,SL,THS_T,IE,1987-09,3.10,
ESTAT:APRO_MT_PWGTM(1.0),29/04/22 23:00:00,M,B4110,SL,THS_T,IE,1987-10,3.00,
ESTAT:APRO_MT_PWGTM(1.0),29/04/22 23:00:00,M,B4110,SL,THS_T,IE,1987-11,3.00,
ESTAT:APRO_MT_PWGTM(1.0),29/04/22 23:00:00,M,B4110,SL,THS_T,IE,1987-12,2.90,
ESTAT:APRO_MT_PWGTM(1.0),29/04/22 23:00:00,M,B4110,SL,THS_T,IE,1988-01,2.10,
ESTAT:APRO_MT_PWGTM(1.0),29/04/22 23:00:00,M,B4110,SL,THS_T,IE,1988-02,2.00,
ESTAT:APRO_MT_PWGTM(1.0),29/04/22 23:00:00,M,B4110,SL,THS_T,IE,1988-03,2.10,
ESTAT:APRO_MT_PWGTM(1.0),29/04/22 23:00:00,M,B4110,SL,THS_T,IE,1988-04,1.90,
ESTAT:APRO_MT_PWGTM(1.0),29/04/22 23:00:00,M,B4110,SL,THS_T,IE,1988-05,3.20,
ESTAT:APRO_MT_PWGTM(1.0),29/04/22 23:00:00,M,B4110,SL,THS_T,IE,1988-06,3.80,
ESTAT:APRO_MT_PWGTM(1.0),29/04/22 23:00:00,M,B4110,SL,THS_T,IE,1988-07,3.60,
ESTAT:APRO_MT_PWGTM(1.0),29/04/22 23:00:00,M,B4110,SL,THS_T,IE,1988-08,3.30,
ESTAT:APRO_MT_PWGTM(1.0),29/04/22 23:00:00,M,B4110,SL,THS_T,IE,1988-09,3.10,
ESTAT:APRO_MT_PWGTM(1.0),29/04/22 23:00:00,M,B4110,SL,THS_T,IE,1988-10,2.60,
ESTAT:APRO_MT_PWGTM(1.0),29/04/22 23:00:00,M,B4110,SL,THS_T,IE,1988-11,2.80,
ESTAT:APRO_MT_PWGTM(1.0),29/04/22 23:00:00,M,B4110,SL,THS_T,IE,1988-12,2.70,
ESTAT:APRO_MT_PWGTM(1.0),29/04/22 23:00:00,M,B4110,SL,THS_T,IE,1989-01,2.60,
ESTAT:APRO_MT_PWGTM(1.0),29/04/22 23:00:00,M,B4110,SL,THS_T,IE,1989-02,2.60,
ESTAT:APRO_MT_PWGTM(1.0),29/04/22 23:00:00,M,B4110,SL,THS_T,IE,1989-03,2.90,
ESTAT:APRO_MT_PWGTM(1.0),29/04/22 23:00:00,M,B4110,SL,THS_T,IE,1989-04,2.30,
ESTAT:APRO_MT_PWGTM(1.0),29/04/22 23:00:00,M,B4110,SL,THS_T,IE,1989-05,4.50,
ESTAT:APRO_MT_PWGTM(1.0),29/04/22 23:00:00,M,B4110,SL,THS_T,IE,1989-06,5.00,
ESTAT:APRO_MT_PWGTM(1.0),29/04/22 23:00:00,M,B4110,SL,THS_T,IE,1989-07,5.00,
ESTAT:APRO_MT_PWGTM(1.0),29/04/22 23:00:00,M,B4110,SL,THS_T,IE,1989-08,4.90,
ESTAT:APRO_MT_PWGTM(1.0),29/04/22 23:00:00,M,B4110,SL,THS_T,IE,1989-09,4.60,
ESTAT:APRO_MT_PWGTM(1.0),29/04/22 23:00:00,M,B4110,SL,THS_T,IE,1989-10,4.00,
ESTAT:APRO_MT_PWGTM(1.0),29/04/22 23:00:00,M,B4110,SL,THS_T,IE,1989-11,4.20,
ESTAT:APRO_MT_PWGTM(1.0),29/04/22 23:00:00,M,B4110,SL,THS_T,IE,1989-12,3.80,
ESTAT:APRO_MT_PWGTM(1.0),29/04/22 23:00:00,M,B4110,SL,THS_T,IE,1990-01,3.40,
ESTAT:APRO_MT_PWGTM(1.0),29/04/22 23:00:00,M,B4110,SL,THS_T,IE,1990-02,3.40,
ESTAT:APRO_MT_PWGTM(1.0),29/04/22 23:00:00,M,B4110,SL,THS_T,IE,1990-03,3.20,
ESTAT:APRO_MT_PWGTM(1.0),29/04/22 23:00:00,M,B4110,SL,THS_T,IE,1990-04,3.70,
ESTAT:APRO_MT_PWGTM(1.0),29/04/22 23:00:00,M,B4110,SL,THS_T,IE,1990-05,5.90,
ESTAT:APRO_MT_PWGTM(1.0),29/04/22 23:00:00,M,B4110,SL,THS_T,IE,1990-06,6.30,
ESTAT:APRO_MT_PWGTM(1.0),29/04/22 23:00:00,M,B4110,SL,THS_T,IE,1990-07,7.50,
ESTAT:APRO_MT_PWGTM(1.0),29/04/22 23:00:00,M,B4110,SL,THS_T,IE,1990-08,7.50,
ESTAT:APRO_MT_PWGTM(1.0),29/04/22 23:00:00,M,B4110,SL,THS_T,IE,1990-09,6.20,
ESTAT:APRO_MT_PWGTM(1.0),29/04/22 23:00:00,M,B4110,SL,THS_T,IE,1990-10,6.30,
ESTAT:APRO_MT_PWGTM(1.0),29/04/22 23:00:00,M,B4110,SL,THS_T,IE,1990-11,5.50,
ESTAT:APRO_MT_PWGTM(1.0),29/04/22 23:00:00,M,B4110,SL,THS_T,IE,1990-12,4.40,
ESTAT:APRO_MT_PWGTM(1.0),29/04/22 23:00:00,M,B4110,SL,THS_T,IE,1991-01,3.90,
ESTAT:APRO_MT_PWGTM(1.0),29/04/22 23:00:00,M,B4110,SL,THS_T,IE,1991-02,3.20,
ESTAT:APRO_MT_PWGTM(1.0),29/04/22 23:00:00,M,B4110,SL,THS_T,IE,1991-03,3.60,
ESTAT:APRO_MT_PWGTM(1.0),29/04/22 23:00:00,M,B4110,SL,THS_T,IE,1991-04,3.80,
ESTAT:APRO_MT_PWGTM(1.0),29/04/22 23:00:00,M,B4110,SL,THS_T,IE,1991-05,7.60,
ESTAT:APRO_MT_PWGTM(1.0),29/04/22 23:00:00,M,B4110,SL,THS_T,IE,1991-06,6.70,
ESTAT:APRO_MT_PWGTM(1.0),29/04/22 23:00:00,M,B4110,SL,THS_T,IE,1991-07,8.40,
ESTAT:APRO_MT_PWGTM(1.0),29/04/22 23:00:00,M,B4110,SL,THS_T,IE,1991-08,7.90,
ESTAT:APRO_MT_PWGTM(1.0),29/04/22 23:00:00,M,B4110,SL,THS_T,IE,1991-09,7.40,
ESTAT:APRO_MT_PWGTM(1.0),29/04/22 23:00:00,M,B4110,SL,THS_T,IE,1991-10,6.40,
ESTAT:APRO_MT_PWGTM(1.0),29/04/22 23:00:00,M,B4110,SL,THS_T,IE,1991-11,5.90,
ESTAT:APRO_MT_PWGTM(1.0),29/04/22 23:00:00,M,B4110,SL,THS_T,IE,1991-12,4.60,
ESTAT:APRO_MT_PWGTM(1.0),29/04/22 23:00:00,M,B4110,SL,THS_T,IE,1992-01,5.10,
ESTAT:APRO_MT_PWGTM(1.0),29/04/22 23:00:00,M,B4110,SL,THS_T,IE,1992-02,4.20,
ESTAT:APRO_MT_PWGTM(1.0),29/04/22 23:00:00,M,B4110,SL,THS_T,IE,1992-03,3.70,
ESTAT:APRO_MT_PWGTM(1.0),29/04/22 23:00:00,M,B4110,SL,THS_T,IE,1992-04,4.60,
ESTAT:APRO_MT_PWGTM(1.0),29/04/22 23:00:00,M,B4110,SL,THS_T,IE,1992-05,6.40,
ESTAT:APRO_MT_PWGTM(1.0),29/04/22 23:00:00,M,B4110,SL,THS_T,IE,1992-06,8.00,
ESTAT:APRO_MT_PWGTM(1.0),29/04/22 23:00:00,M,B4110,SL,THS_T,IE,1992-07,8.30,
ESTAT:APRO_MT_PWGTM(1.0),29/04/22 23:00:00,M,B4110,SL,THS_T,IE,1992-08,7.70,
ESTAT:APRO_MT_PWGTM(1.0),29/04/22 23:00:00,M,B4110,SL,THS_T,IE,1992-09,7.50,
ESTAT:APRO_MT_PWGTM(1.0),29/04/22 23:00:00,M,B4110,SL,THS_T,IE,1992-10,6.10,
ESTAT:APRO_MT_PWGTM(1.0),29/04/22 23:00:00,M,B4110,SL,THS_T,IE,1992-11,4.90,
ESTAT:APRO_MT_PWGTM(1.0),29/04/22 23:00:00,M,B4110,SL,THS_T,IE,1992-12,4.90,
ESTAT:APRO_MT_PWGTM(1.0),29/04/22 23:00:00,M,B4110,SL,THS_T,IE,1993-01,4.50,
ESTAT:APRO_MT_PWGTM(1.0),29/04/22 23:00:00,M,B4110,SL,THS_T,IE,1993-02,4.40,
ESTAT:APRO_MT_PWGTM(1.0),29/04/22 23:00:00,M,B4110,SL,THS_T,IE,1993-03,5.50,
ESTAT:APRO_MT_PWGTM(1.0),29/04/22 23:00:00,M,B4110,SL,THS_T,IE,1993-04,7.00,
ESTAT:APRO_MT_PWGTM(1.0),29/04/22 23:00:00,M,B4110,SL,THS_T,IE,1993-05,7.50,
ESTAT:APRO_MT_PWGTM(1.0),29/04/22 23:00:00,M,B4110,SL,THS_T,IE,1993-06,7.20,
ESTAT:APRO_MT_PWGTM(1.0),29/04/22 23:00:00,M,B4110,SL,THS_T,IE,1993-07,8.00,
ESTAT:APRO_MT_PWGTM(1.0),29/04/22 23:00:00,M,B4110,SL,THS_T,IE,1993-08,8.00,
ESTAT:APRO_MT_PWGTM(1.0),29/04/22 23:00:00,M,B4110,SL,THS_T,IE,1993-09,7.50,
ESTAT:APRO_MT_PWGTM(1.0),29/04/22 23:00:00,M,B4110,SL,THS_T,IE,1993-10,6.70,
ESTAT:APRO_MT_PWGTM(1.0),29/04/22 23:00:00,M,B4110,SL,THS_T,IE,1993-11,5.90,
ESTAT:APRO_MT_PWGTM(1.0),29/04/22 23:00:00,M,B4110,SL,THS_T,IE,1993-12,5.00,
ESTAT:APRO_MT_PWGTM(1.0),29/04/22 23:00:00,M,B4110,SL,THS_T,IE,1994-01,3.90,
ESTAT:APRO_MT_PWGTM(1.0),29/04/22 23:00:00,M,B4110,SL,THS_T,IE,1994-02,4.10,
ESTAT:APRO_MT_PWGTM(1.0),29/04/22 23:00:00,M,B4110,SL,THS_T,IE,1994-03,4.50,
ESTAT:APRO_MT_PWGTM(1.0),29/04/22 23:00:00,M,B4110,SL,THS_T,IE,1994-04,4.50,
ESTAT:APRO_MT_PWGTM(1.0),29/04/22 23:00:00,M,B4110,SL,THS_T,IE,1994-05,6.90,
ESTAT:APRO_MT_PWGTM(1.0),29/04/22 23:00:00,M,B4110,SL,THS_T,IE,1994-06,7.00,
ESTAT:APRO_MT_PWGTM(1.0),29/04/22 23:00:00,M,B4110,SL,THS_T,IE,1994-07,7.30,
ESTAT:APRO_MT_PWGTM(1.0),29/04/22 23:00:00,M,B4110,SL,THS_T,IE,1994-08,7.30,
ESTAT:APRO_MT_PWGTM(1.0),29/04/22 23:00:00,M,B4110,SL,THS_T,IE,1994-09,7.20,
ESTAT:APRO_MT_PWGTM(1.0),29/04/22 23:00:00,M,B4110,SL,THS_T,IE,1994-10,6.90,
ESTAT:APRO_MT_PWGTM(1.0),29/04/22 23:00:00,M,B4110,SL,THS_T,IE,1994-11,6.30,
ESTAT:APRO_MT_PWGTM(1.0),29/04/22 23:00:00,M,B4110,SL,THS_T,IE,1994-12,5.30,
ESTAT:APRO_MT_PWGTM(1.0),29/04/22 23:00:00,M,B4110,SL,THS_T,IE,1995-01,3.60,
ESTAT:APRO_MT_PWGTM(1.0),29/04/22 23:00:00,M,B4110,SL,THS_T,IE,1995-02,3.10,
ESTAT:APRO_MT_PWGTM(1.0),29/04/22 23:00:00,M,B4110,SL,THS_T,IE,1995-03,3.60,
ESTAT:APRO_MT_PWGTM(1.0),29/04/22 23:00:00,M,B4110,SL,THS_T,IE,1995-04,4.80,
ESTAT:APRO_MT_PWGTM(1.0),29/04/22 23:00:00,M,B4110,SL,THS_T,IE,1995-05,7.90,
ESTAT:APRO_MT_PWGTM(1.0),29/04/22 23:00:00,M,B4110,SL,THS_T,IE,1995-06,7.00,
ESTAT:APRO_MT_PWGTM(1.0),29/04/22 23:00:00,M,B4110,SL,THS_T,IE,1995-07,7.50,
ESTAT:APRO_MT_PWGTM(1.0),29/04/22 23:00:00,M,B4110,SL,THS_T,IE,1995-08,7.90,
ESTAT:APRO_MT_PWGTM(1.0),29/04/22 23:00:00,M,B4110,SL,THS_T,IE,1995-09,7.20,
ESTAT:APRO_MT_PWGTM(1.0),29/04/22 23:00:00,M,B4110,SL,THS_T,IE,1995-10,6.10,
ESTAT:APRO_MT_PWGTM(1.0),29/04/22 23:00:00,M,B4110,SL,THS_T,IE,1995-11,5.80,
ESTAT:APRO_MT_PWGTM(1.0),29/04/22 23:00:00,M,B4110,SL,THS_T,IE,1995-12,5.80,
ESTAT:APRO_MT_PWGTM(1.0),29/04/22 23:00:00,M,B4110,SL,THS_T,IE,1996-01,4.90,
ESTAT:APRO_MT_PWGTM(1.0),29/04/22 23:00:00,M,B4110,SL,THS_T,IE,1996-02,4.30,
ESTAT:APRO_MT_PWGTM(1.0),29/04/22 23:00:00,M,B4110,SL,THS_T,IE,1996-03,3.70,
ESTAT:APRO_MT_PWGTM(1.0),29/04/22 23:00:00,M,B4110,SL,THS_T,IE,1996-04,6.10,
ESTAT:APRO_MT_PWGTM(1.0),29/04/22 23:00:00,M,B4110,SL,THS_T,IE,1996-05,8.00,
ESTAT:APRO_MT_PWGTM(1.0),29/04/22 23:00:00,M,B4110,SL,THS_T,IE,1996-06,7.00,
ESTAT:APRO_MT_PWGTM(1.0),29/04/22 23:00:00,M,B4110,SL,THS_T,IE,1996-07,8.50,
ESTAT:APRO_MT_PWGTM(1.0),29/04/22 23:00:00,M,B4110,SL,THS_T,IE,1996-08,7.70,
ESTAT:APRO_MT_PWGTM(1.0),29/04/22 23:00:00,M,B4110,SL,THS_T,IE,1996-09,6.20,
ESTAT:APRO_MT_PWGTM(1.0),29/04/22 23:00:00,M,B4110,SL,THS_T,IE,1996-10,6.00,
ESTAT:APRO_MT_PWGTM(1.0),29/04/22 23:00:00,M,B4110,SL,THS_T,IE,1996-11,5.30,
ESTAT:APRO_MT_PWGTM(1.0),29/04/22 23:00:00,M,B4110,SL,THS_T,IE,1996-12,4.30,
ESTAT:APRO_MT_PWGTM(1.0),29/04/22 23:00:00,M,B4110,SL,THS_T,IE,1997-01,3.50,
ESTAT:APRO_MT_PWGTM(1.0),29/04/22 23:00:00,M,B4110,SL,THS_T,IE,1997-02,2.90,
ESTAT:APRO_MT_PWGTM(1.0),29/04/22 23:00:00,M,B4110,SL,THS_T,IE,1997-03,3.50,
ESTAT:APRO_MT_PWGTM(1.0),29/04/22 23:00:00,M,B4110,SL,THS_T,IE,1997-04,5.50,
ESTAT:APRO_MT_PWGTM(1.0),29/04/22 23:00:00,M,B4110,SL,THS_T,IE,1997-05,6.90,
ESTAT:APRO_MT_PWGTM(1.0),29/04/22 23:00:00,M,B4110,SL,THS_T,IE,1997-06,6.80,
ESTAT:APRO_MT_PWGTM(1.0),29/04/22 23:00:00,M,B4110,SL,THS_T,IE,1997-07,7.70,
ESTAT:APRO_MT_PWGTM(1.0),29/04/22 23:00:00,M,B4110,SL,THS_T,IE,1997-08,6.60,
ESTAT:APRO_MT_PWGTM(1.0),29/04/22 23:00:00,M,B4110,SL,THS_T,IE,1997-09,6.90,
ESTAT:APRO_MT_PWGTM(1.0),29/04/22 23:00:00,M,B4110,SL,THS_T,IE,1997-10,5.90,
ESTAT:APRO_MT_PWGTM(1.0),29/04/22 23:00:00,M,B4110,SL,THS_T,IE,1997-11,4.50,
ESTAT:APRO_MT_PWGTM(1.0),29/04/22 23:00:00,M,B4110,SL,THS_T,IE,1997-12,5.00,
ESTAT:APRO_MT_PWGTM(1.0),29/04/22 23:00:00,M,B4110,SL,THS_T,IE,1998-01,4.30,
ESTAT:APRO_MT_PWGTM(1.0),29/04/22 23:00:00,M,B4110,SL,THS_T,IE,1998-02,3.50,
ESTAT:APRO_MT_PWGTM(1.0),29/04/22 23:00:00,M,B4110,SL,THS_T,IE,1998-03,4.90,
ESTAT:APRO_MT_PWGTM(1.0),29/04/22 23:00:00,M,B4110,SL,THS_T,IE,1998-04,5.80,
ESTAT:APRO_MT_PWGTM(1.0),29/04/22 23:00:00,M,B4110,SL,THS_T,IE,1998-05,7.40,
ESTAT:APRO_MT_PWGTM(1.0),29/04/22 23:00:00,M,B4110,SL,THS_T,IE,1998-06,7.90,
ESTAT:APRO_MT_PWGTM(1.0),29/04/22 23:00:00,M,B4110,SL,THS_T,IE,1998-07,8.70,
ESTAT:APRO_MT_PWGTM(1.0),29/04/22 23:00:00,M,B4110,SL,THS_T,IE,1998-08,7.70,
ESTAT:APRO_MT_PWGTM(1.0),29/04/22 23:00:00,M,B4110,SL,THS_T,IE,1998-09,6.60,
ESTAT:APRO_MT_PWGTM(1.0),29/04/22 23:00:00,M,B4110,SL,THS_T,IE,1998-10,6.40,
ESTAT:APRO_MT_PWGTM(1.0),29/04/22 23:00:00,M,B4110,SL,THS_T,IE,1998-11,5.40,
ESTAT:APRO_MT_PWGTM(1.0),29/04/22 23:00:00,M,B4110,SL,THS_T,IE,1998-12,5.90,
ESTAT:APRO_MT_PWGTM(1.0),29/04/22 23:00:00,M,B4110,SL,THS_T,IE,1999-01,4.50,
ESTAT:APRO_MT_PWGTM(1.0),29/04/22 23:00:00,M,B4110,SL,THS_T,IE,1999-02,4.00,
ESTAT:APRO_MT_PWGTM(1.0),29/04/22 23:00:00,M,B4110,SL,THS_T,IE,1999-03,5.20,
ESTAT:APRO_MT_PWGTM(1.0),29/04/22 23:00:00,M,B4110,SL,THS_T,IE,1999-04,5.90,
ESTAT:APRO_MT_PWGTM(1.0),29/04/22 23:00:00,M,B4110,SL,THS_T,IE,1999-05,7.10,
ESTAT:APRO_MT_PWGTM(1.0),29/04/22 23:00:00,M,B4110,SL,THS_T,IE,1999-06,9.00,
ESTAT:APRO_MT_PWGTM(1.0),29/04/22 23:00:00,M,B4110,SL,THS_T,IE,1999-07,8.00,
ESTAT:APRO_MT_PWGTM(1.0),29/04/22 23:00:00,M,B4110,SL,THS_T,IE,1999-08,7.30,
ESTAT:APRO_MT_PWGTM(1.0),29/04/22 23:00:00,M,B4110,SL,THS_T,IE,1999-09,6.90,
ESTAT:APRO_MT_PWGTM(1.0),29/04/22 23:00:00,M,B4110,SL,THS_T,IE,1999-10,7.10,
ESTAT:APRO_MT_PWGTM(1.0),29/04/22 23:00:00,M,B4110,SL,THS_T,IE,1999-11,6.30,
ESTAT:APRO_MT_PWGTM(1.0),29/04/22 23:00:00,M,B4110,SL,THS_T,IE,1999-12,6.80,
ESTAT:APRO_MT_PWGTM(1.0),29/04/22 23:00:00,M,B4110,SL,THS_T,IE,2000-01,4.50,
ESTAT:APRO_MT_PWGTM(1.0),29/04/22 23:00:00,M,B4110,SL,THS_T,IE,2000-02,3.70,
ESTAT:APRO_MT_PWGTM(1.0),29/04/22 23:00:00,M,B4110,SL,THS_T,IE,2000-03,3.50,
ESTAT:APRO_MT_PWGTM(1.0),29/04/22 23:00:00,M,B4110,SL,THS_T,IE,2000-04,4.40,
ESTAT:APRO_MT_PWGTM(1.0),29/04/22 23:00:00,M,B4110,SL,THS_T,IE,2000-05,7.90,
ESTAT:APRO_MT_PWGTM(1.0),29/04/22 23:00:00,M,B4110,SL,THS_T,IE,2000-06,8.60,
ESTAT:APRO_MT_PWGTM(1.0),29/04/22 23:00:00,M,B4110,SL,THS_T,IE,2000-07,7.70,
ESTAT:APRO_MT_PWGTM(1.0),29/04/22 23:00:00,M,B4110,SL,THS_T,IE,2000-08,7.20,
ESTAT:APRO_MT_PWGTM(1.0),29/04/22 23:00:00,M,B4110,SL,THS_T,IE,2000-09,5.70,
ESTAT:APRO_MT_PWGTM(1.0),29/04/22 23:00:00,M,B4110,SL,THS_T,IE,2000-10,5.50,
ESTAT:APRO_MT_PWGTM(1.0),29/04/22 23:00:00,M,B4110,SL,THS_T,IE,2000-11,6.50,
ESTAT:APRO_MT_PWGTM(1.0),29/04/22 23:00:00,M,B4110,SL,THS_T,IE,2000-12,5.20,
ESTAT:APRO_MT_PWGTM(1.0),29/04/22 23:00:00,M,B4110,SL,THS_T,IE,2001-01,4.40,
ESTAT:APRO_MT_PWGTM(1.0),29/04/22 23:00:00,M,B4110,SL,THS_T,IE,2001-02,4.10,
ESTAT:APRO_MT_PWGTM(1.0),29/04/22 23:00:00,M,B4110,SL,THS_T,IE,2001-03,2.70,
ESTAT:APRO_MT_PWGTM(1.0),29/04/22 23:00:00,M,B4110,SL,THS_T,IE,2001-04,4.40,
ESTAT:APRO_MT_PWGTM(1.0),29/04/22 23:00:00,M,B4110,SL,THS_T,IE,2001-05,7.00,
ESTAT:APRO_MT_PWGTM(1.0),29/04/22 23:00:00,M,B4110,SL,THS_T,IE,2001-06,6.10,
ESTAT:APRO_MT_PWGTM(1.0),29/04/22 23:00:00,M,B4110,SL,THS_T,IE,2001-07,7.10,
ESTAT:APRO_MT_PWGTM(1.0),29/04/22 23:00:00,M,B4110,SL,THS_T,IE,2001-08,7.90,
ESTAT:APRO_MT_PWGTM(1.0),29/04/22 23:00:00,M,B4110,SL,THS_T,IE,2001-09,6.60,
ESTAT:APRO_MT_PWGTM(1.0),29/04/22 23:00:00,M,B4110,SL,THS_T,IE,2001-10,6.90,
ESTAT:APRO_MT_PWGTM(1.0),29/04/22 23:00:00,M,B4110,SL,THS_T,IE,2001-11,6.00,
ESTAT:APRO_MT_PWGTM(1.0),29/04/22 23:00:00,M,B4110,SL,THS_T,IE,2001-12,3.70,
ESTAT:APRO_MT_PWGTM(1.0),29/04/22 23:00:00,M,B4110,SL,THS_T,IE,2002-01,2.70,
ESTAT:APRO_MT_PWGTM(1.0),29/04/22 23:00:00,M,B4110,SL,THS_T,IE,2002-02,1.60,
ESTAT:APRO_MT_PWGTM(1.0),29/04/22 23:00:00,M,B4110,SL,THS_T,IE,2002-03,2.00,
ESTAT:APRO_MT_PWGTM(1.0),29/04/22 23:00:00,M,B4110,SL,THS_T,IE,2002-04,3.30,
ESTAT:APRO_MT_PWGTM(1.0),29/04/22 23:00:00,M,B4110,SL,THS_T,IE,2002-05,5.60,
ESTAT:APRO_MT_PWGTM(1.0),29/04/22 23:00:00,M,B4110,SL,THS_T,IE,2002-06,5.80,
ESTAT:APRO_MT_PWGTM(1.0),29/04/22 23:00:00,M,B4110,SL,THS_T,IE,2002-07,7.30,
ESTAT:APRO_MT_PWGTM(1.0),29/04/22 23:00:00,M,B4110,SL,THS_T,IE,2002-08,6.60,
ESTAT:APRO_MT_PWGTM(1.0),29/04/22 23:00:00,M,B4110,SL,THS_T,IE,2002-09,5.50,
ESTAT:APRO_MT_PWGTM(1.0),29/04/22 23:00:00,M,B4110,SL,THS_T,IE,2002-10,5.40,
ESTAT:APRO_MT_PWGTM(1.0),29/04/22 23:00:00,M,B4110,SL,THS_T,IE,2002-11,5.10,
ESTAT:APRO_MT_PWGTM(1.0),29/04/22 23:00:00,M,B4110,SL,THS_T,IE,2002-12,4.70,
ESTAT:APRO_MT_PWGTM(1.0),29/04/22 23:00:00,M,B4110,SL,THS_T,IE,2003-01,4.10,
ESTAT:APRO_MT_PWGTM(1.0),29/04/22 23:00:00,M,B4110,SL,THS_T,IE,2003-02,3.10,
ESTAT:APRO_MT_PWGTM(1.0),29/04/22 23:00:00,M,B4110,SL,THS_T,IE,2003-03,2.50,
ESTAT:APRO_MT_PWGTM(1.0),29/04/22 23:00:00,M,B4110,SL,THS_T,IE,2003-04,4.10,
ESTAT:APRO_MT_PWGTM(1.0),29/04/22 23:00:00,M,B4110,SL,THS_T,IE,2003-05,5.30,
ESTAT:APRO_MT_PWGTM(1.0),29/04/22 23:00:00,M,B4110,SL,THS_T,IE,2003-06,5.20,
ESTAT:APRO_MT_PWGTM(1.0),29/04/22 23:00:00,M,B4110,SL,THS_T,IE,2003-07,5.70,
ESTAT:APRO_MT_PWGTM(1.0),29/04/22 23:00:00,M,B4110,SL,THS_T,IE,2003-08,5.10,
ESTAT:APRO_MT_PWGTM(1.0),29/04/22 23:00:00,M,B4110,SL,THS_T,IE,2003-09,5.40,
ESTAT:APRO_MT_PWGTM(1.0),29/04/22 23:00:00,M,B4110,SL,THS_T,IE,2003-10,4.60,
ESTAT:APRO_MT_PWGTM(1.0),29/04/22 23:00:00,M,B4110,SL,THS_T,IE,2003-11,4.00,
ESTAT:APRO_MT_PWGTM(1.0),29/04/22 23:00:00,M,B4110,SL,THS_T,IE,2003-12,4.50,
ESTAT:APRO_MT_PWGTM(1.0),29/04/22 23:00:00,M,B4110,SL,THS_T,IE,2004-01,4.10,
ESTAT:APRO_MT_PWGTM(1.0),29/04/22 23:00:00,M,B4110,SL,THS_T,IE,2004-02,3.10,
ESTAT:APRO_MT_PWGTM(1.0),29/04/22 23:00:00,M,B4110,SL,THS_T,IE,2004-03,3.40,
ESTAT:APRO_MT_PWGTM(1.0),29/04/22 23:00:00,M,B4110,SL,THS_T,IE,2004-04,4.50,
ESTAT:APRO_MT_PWGTM(1.0),29/04/22 23:00:00,M,B4110,SL,THS_T,IE,2004-05,5.20,
ESTAT:APRO_MT_PWGTM(1.0),29/04/22 23:00:00,M,B4110,SL,THS_T,IE,2004-06,5.70,
ESTAT:APRO_MT_PWGTM(1.0),29/04/22 23:00:00,M,B4110,SL,THS_T,IE,2004-07,5.80,
ESTAT:APRO_MT_PWGTM(1.0),29/04/22 23:00:00,M,B4110,SL,THS_T,IE,2004-08,5.80,
ESTAT:APRO_MT_PWGTM(1.0),29/04/22 23:00:00,M,B4110,SL,THS_T,IE,2004-09,6.20,
ESTAT:APRO_MT_PWGTM(1.0),29/04/22 23:00:00,M,B4110,SL,THS_T,IE,2004-10,5.60,
ESTAT:APRO_MT_PWGTM(1.0),29/04/22 23:00:00,M,B4110,SL,THS_T,IE,2004-11,5.20,
ESTAT:APRO_MT_PWGTM(1.0),29/04/22 23:00:00,M,B4110,SL,THS_T,IE,2004-12,5.10,
ESTAT:APRO_MT_PWGTM(1.0),29/04/22 23:00:00,M,B4110,SL,THS_T,IE,2005-01,4.00,
ESTAT:APRO_MT_PWGTM(1.0),29/04/22 23:00:00,M,B4110,SL,THS_T,IE,2005-02,3.50,
ESTAT:APRO_MT_PWGTM(1.0),29/04/22 23:00:00,M,B4110,SL,THS_T,IE,2005-03,4.50,
ESTAT:APRO_MT_PWGTM(1.0),29/04/22 23:00:00,M,B4110,SL,THS_T,IE,2005-04,3.70,
ESTAT:APRO_MT_PWGTM(1.0),29/04/22 23:00:00,M,B4110,SL,THS_T,IE,2005-05,5.90,
ESTAT:APRO_MT_PWGTM(1.0),29/04/22 23:00:00,M,B4110,SL,THS_T,IE,2005-06,5.90,
ESTAT:APRO_MT_PWGTM(1.0),29/04/22 23:00:00,M,B4110,SL,THS_T,IE,2005-07,5.40,
ESTAT:APRO_MT_PWGTM(1.0),29/04/22 23:00:00,M,B4110,SL,THS_T,IE,2005-08,5.60,
ESTAT:APRO_MT_PWGTM(1.0),29/04/22 23:00:00,M,B4110,SL,THS_T,IE,2005-09,5.50,
ESTAT:APRO_MT_PWGTM(1.0),29/04/22 23:00:00,M,B4110,SL,THS_T,IE,2005-10,5.10,
ESTAT:APRO_MT_PWGTM(1.0),29/04/22 23:00:00,M,B4110,SL,THS_T,IE,2005-11,5.50,
ESTAT:APRO_MT_PWGTM(1.0),29/04/22 23:00:00,M,B4110,SL,THS_T,IE,2005-12,5.20,
ESTAT:APRO_MT_PWGTM(1.0),29/04/22 23:00:00,M,B4110,SL,THS_T,IE,2006-01,4.20,
ESTAT:APRO_MT_PWGTM(1.0),29/04/22 23:00:00,M,B4110,SL,THS_T,IE,2006-02,3.40,
ESTAT:APRO_MT_PWGTM(1.0),29/04/22 23:00:00,M,B4110,SL,THS_T,IE,2006-03,3.90,
ESTAT:APRO_MT_PWGTM(1.0),29/04/22 23:00:00,M,B4110,SL,THS_T,IE,2006-04,4.00,
ESTAT:APRO_MT_PWGTM(1.0),29/04/22 23:00:00,M,B4110,SL,THS_T,IE,2006-05,5.30,
ESTAT:APRO_MT_PWGTM(1.0),29/04/22 23:00:00,M,B4110,SL,THS_T,IE,2006-06,5.70,
ESTAT:APRO_MT_PWGTM(1.0),29/04/22 23:00:00,M,B4110,SL,THS_T,IE,2006-07,5.60,
ESTAT:APRO_MT_PWGTM(1.0),29/04/22 23:00:00,M,B4110,SL,THS_T,IE,2006-08,6.20,
ESTAT:APRO_MT_PWGTM(1.0),29/04/22 23:00:00,M,B4110,SL,THS_T,IE,2006-09,5.60,
ESTAT:APRO_MT_PWGTM(1.0),29/04/22 23:00:00,M,B4110,SL,THS_T,IE,2006-10,5.40,
ESTAT:APRO_MT_PWGTM(1.0),29/04/22 23:00:00,M,B4110,SL,THS_T,IE,2006-11,4.70,
ESTAT:APRO_MT_PWGTM(1.0),29/04/22 23:00:00,M,B4110,SL,THS_T,IE,2006-12,4.50,
ESTAT:APRO_MT_PWGTM(1.0),29/04/22 23:00:00,M,B4110,SL,THS_T,IE,2007-01,3.60,
ESTAT:APRO_MT_PWGTM(1.0),29/04/22 23:00:00,M,B4110,SL,THS_T,IE,2007-02,2.80,
ESTAT:APRO_MT_PWGTM(1.0),29/04/22 23:00:00,M,B4110,SL,THS_T,IE,2007-03,3.30,
ESTAT:APRO_MT_PWGTM(1.0),29/04/22 23:00:00,M,B4110,SL,THS_T,IE,2007-04,3.80,
ESTAT:APRO_MT_PWGTM(1.0),29/04/22 23:00:00,M,B4110,SL,THS_T,IE,2007-05,5.00,
ESTAT:APRO_MT_PWGTM(1.0),29/04/22 23:00:00,M,B4110,SL,THS_T,IE,2007-06,4.70,
ESTAT:APRO_MT_PWGTM(1.0),29/04/22 23:00:00,M,B4110,SL,THS_T,IE,2007-07,5.00,
ESTAT:APRO_MT_PWGTM(1.0),29/04/22 23:00:00,M,B4110,SL,THS_T,IE,2007-08,6.60,
ESTAT:APRO_MT_PWGTM(1.0),29/04/22 23:00:00,M,B4110,SL,THS_T,IE,2007-09,5.80,
ESTAT:APRO_MT_PWGTM(1.0),29/04/22 23:00:00,M,B4110,SL,THS_T,IE,2007-10,6.00,
ESTAT:APRO_MT_PWGTM(1.0),29/04/22 23:00:00,M,B4110,SL,THS_T,IE,2007-11,4.10,
ESTAT:APRO_MT_PWGTM(1.0),29/04/22 23:00:00,M,B4110,SL,THS_T,IE,2007-12,4.00,
ESTAT:APRO_MT_PWGTM(1.0),29/04/22 23:00:00,M,B4110,SL,THS_T,IE,2008-01,3.51,
ESTAT:APRO_MT_PWGTM(1.0),29/04/22 23:00:00,M,B4110,SL,THS_T,IE,2008-02,2.91,
ESTAT:APRO_MT_PWGTM(1.0),29/04/22 23:00:00,M,B4110,SL,THS_T,IE,2008-03,3.20,
ESTAT:APRO_MT_PWGTM(1.0),29/04/22 23:00:00,M,B4110,SL,THS_T,IE,2008-04,3.45,
ESTAT:APRO_MT_PWGTM(1.0),29/04/22 23:00:00,M,B4110,SL,THS_T,IE,2008-05,4.13,
ESTAT:APRO_MT_PWGTM(1.0),29/04/22 23:00:00,M,B4110,SL,THS_T,IE,2008-06,4.26,
ESTAT:APRO_MT_PWGTM(1.0),29/04/22 23:00:00,M,B4110,SL,THS_T,IE,2008-07,4.51,
ESTAT:APRO_MT_PWGTM(1.0),29/04/22 23:00:00,M,B4110,SL,THS_T,IE,2008-08,4.40,
ESTAT:APRO_MT_PWGTM(1.0),29/04/22 23:00:00,M,B4110,SL,THS_T,IE,2008-09,4.89,
ESTAT:APRO_MT_PWGTM(1.0),29/04/22 23:00:00,M,B4110,SL,THS_T,IE,2008-10,4.50,
ESTAT:APRO_MT_PWGTM(1.0),29/04/22 23:00:00,M,B4110,SL,THS_T,IE,2008-11,3.96,
ESTAT:APRO_MT_PWGTM(1.0),29/04/22 23:00:00,M,B4110,SL,THS_T,IE,2008-12,4.80,
ESTAT:APRO_MT_PWGTM(1.0),29/04/22 23:00:00,M,B4110,SL,THS_T,IE,2009-01,3.57,
ESTAT:APRO_MT_PWGTM(1.0),29/04/22 23:00:00,M,B4110,SL,THS_T,IE,2009-02,2.86,
ESTAT:APRO_MT_PWGTM(1.0),29/04/22 23:00:00,M,B4110,SL,THS_T,IE,2009-03,2.87,
ESTAT:APRO_MT_PWGTM(1.0),29/04/22 23:00:00,M,B4110,SL,THS_T,IE,2009-04,3.20,
ESTAT:APRO_MT_PWGTM(1.0),29/04/22 23:00:00,M,B4110,SL,THS_T,IE,2009-05,3.36,
ESTAT:APRO_MT_PWGTM(1.0),29/04/22 23:00:00,M,B4110,SL,THS_T,IE,2009-06,3.99,
ESTAT:APRO_MT_PWGTM(1.0),29/04/22 23:00:00,M,B4110,SL,THS_T,IE,2009-07,4.19,
ESTAT:APRO_MT_PWGTM(1.0),29/04/22 23:00:00,M,B4110,SL,THS_T,IE,2009-08,4.51,
ESTAT:APRO_MT_PWGTM(1.0),29/04/22 23:00:00,M,B4110,SL,THS_T,IE,2009-09,4.42,
ESTAT:APRO_MT_PWGTM(1.0),29/04/22 23:00:00,M,B4110,SL,THS_T,IE,2009-10,4.18,
ESTAT:APRO_MT_PWGTM(1.0),29/04/22 23:00:00,M,B4110,SL,THS_T,IE,2009-11,4.01,
ESTAT:APRO_MT_PWGTM(1.0),29/04/22 23:00:00,M,B4110,SL,THS_T,IE,2009-12,3.94,
ESTAT:APRO_MT_PWGTM(1.0),29/04/22 23:00:00,M,B4110,SL,THS_T,IE,2010-01,2.75,
ESTAT:APRO_MT_PWGTM(1.0),29/04/22 23:00:00,M,B4110,SL,THS_T,IE,2010-02,2.56,
ESTAT:APRO_MT_PWGTM(1.0),29/04/22 23:00:00,M,B4110,SL,THS_T,IE,2010-03,2.96,
ESTAT:APRO_MT_PWGTM(1.0),29/04/22 23:00:00,M,B4110,SL,THS_T,IE,2010-04,2.49,
ESTAT:APRO_MT_PWGTM(1.0),29/04/22 23:00:00,M,B4110,SL,THS_T,IE,2010-05,2.73,
ESTAT:APRO_MT_PWGTM(1.0),29/04/22 23:00:00,M,B4110,SL,THS_T,IE,2010-06,3.48,
ESTAT:APRO_MT_PWGTM(1.0),29/04/22 23:00:00,M,B4110,SL,THS_T,IE,2010-07,3.92,
ESTAT:APRO_MT_PWGTM(1.0),29/04/22 23:00:00,M,B4110,SL,THS_T,IE,2010-08,4.30,
ESTAT:APRO_MT_PWGTM(1.0),29/04/22 23:00:00,M,B4110,SL,THS_T,IE,2010-09,4.09,
ESTAT:APRO_MT_PWGTM(1.0),29/04/22 23:00:00,M,B4110,SL,THS_T,IE,2010-10,3.95,
ESTAT:APRO_MT_PWGTM(1.0),29/04/22 23:00:00,M,B4110,SL,THS_T,IE,2010-11,3.94,
ESTAT:APRO_MT_PWGTM(1.0),29/04/22 23:00:00,M,B4110,SL,THS_T,IE,2010-12,2.92,
ESTAT:APRO_MT_PWGTM(1.0),29/04/22 23:00:00,M,B4110,SL,THS_T,IE,2011-01,2.68,
ESTAT:APRO_MT_PWGTM(1.0),29/04/22 23:00:00,M,B4110,SL,THS_T,IE,2011-02,2.46,
ESTAT:APRO_MT_PWGTM(1.0),29/04/22 23:00:00,M,B4110,SL,THS_T,IE,2011-03,2.48,
ESTAT:APRO_MT_PWGTM(1.0),29/04/22 23:00:00,M,B4110,SL,THS_T,IE,2011-04,2.77,
ESTAT:APRO_MT_PWGTM(1.0),29/04/22 23:00:00,M,B4110,SL,THS_T,IE,2011-05,3.25,
ESTAT:APRO_MT_PWGTM(1.0),29/04/22 23:00:00,M,B4110,SL,THS_T,IE,2011-06,3.90,
ESTAT:APRO_MT_PWGTM(1.0),29/04/22 23:00:00,M,B4110,SL,THS_T,IE,2011-07,4.07,
ESTAT:APRO_MT_PWGTM(1.0),29/04/22 23:00:00,M,B4110,SL,THS_T,IE,2011-08,4.34,
ESTAT:APRO_MT_PWGTM(1.0),29/04/22 23:00:00,M,B4110,SL,THS_T,IE,2011-09,4.06,
ESTAT:APRO_MT_PWGTM(1.0),29/04/22 23:00:00,M,B4110,SL,THS_T,IE,2011-10,3.77,
ESTAT:APRO_MT_PWGTM(1.0),29/04/22 23:00:00,M,B4110,SL,THS_T,IE,2011-11,3.74,
ESTAT:APRO_MT_PWGTM(1.0),29/04/22 23:00:00,M,B4110,SL,THS_T,IE,2011-12,3.59,
ESTAT:APRO_MT_PWGTM(1.0),29/04/22 23:00:00,M,B4110,SL,THS_T,IE,2012-01,3.06,
ESTAT:APRO_MT_PWGTM(1.0),29/04/22 23:00:00,M,B4110,SL,THS_T,IE,2012-02,2.61,
ESTAT:APRO_MT_PWGTM(1.0),29/04/22 23:00:00,M,B4110,SL,THS_T,IE,2012-03,2.52,
ESTAT:APRO_MT_PWGTM(1.0),29/04/22 23:00:00,M,B4110,SL,THS_T,IE,2012-04,2.89,
ESTAT:APRO_MT_PWGTM(1.0),29/04/22 23:00:00,M,B4110,SL,THS_T,IE,2012-05,3.97,
ESTAT:APRO_MT_PWGTM(1.0),29/04/22 23:00:00,M,B4110,SL,THS_T,IE,2012-06,3.81,
ESTAT:APRO_MT_PWGTM(1.0),29/04/22 23:00:00,M,B4110,SL,THS_T,IE,2012-07,4.48,
ESTAT:APRO_MT_PWGTM(1.0),29/04/22 23:00:00,M,B4110,SL,THS_T,IE,2012-08,4.89,
ESTAT:APRO_MT_PWGTM(1.0),29/04/22 23:00:00,M,B4110,SL,THS_T,IE,2012-09,4.24,
ESTAT:APRO_MT_PWGTM(1.0),29/04/22 23:00:00,M,B4110,SL,THS_T,IE,2012-10,4.95,
ESTAT:APRO_MT_PWGTM(1.0),29/04/22 23:00:00,M,B4110,SL,THS_T,IE,2012-11,4.41,
ESTAT:APRO_MT_PWGTM(1.0),29/04/22 23:00:00,M,B4110,SL,THS_T,IE,2012-12,3.96,
ESTAT:APRO_MT_PWGTM(1.0),29/04/22 23:00:00,M,B4110,SL,THS_T,IE,2013-01,3.93,
ESTAT:APRO_MT_PWGTM(1.0),29/04/22 23:00:00,M,B4110,SL,THS_T,IE,2013-02,3.14,
ESTAT:APRO_MT_PWGTM(1.0),29/04/22 23:00:00,M,B4110,SL,THS_T,IE,2013-03,3.52,
ESTAT:APRO_MT_PWGTM(1.0),29/04/22 23:00:00,M,B4110,SL,THS_T,IE,2013-04,2.95,
ESTAT:APRO_MT_PWGTM(1.0),29/04/22 23:00:00,M,B4110,SL,THS_T,IE,2013-05,3.34,
ESTAT:APRO_MT_PWGTM(1.0),29/04/22 23:00:00,M,B4110,SL,THS_T,IE,2013-06,3.64,
ESTAT:APRO_MT_PWGTM(1.0),29/04/22 23:00:00,M,B4110,SL,THS_T,IE,2013-07,4.83,
ESTAT:APRO_MT_PWGTM(1.0),29/04/22 23:00:00,M,B4110,SL,THS_T,IE,2013-08,4.60,
ESTAT:APRO_MT_PWGTM(1.0),29/04/22 23:00:00,M,B4110,SL,THS_T,IE,2013-09,4.56,
ESTAT:APRO_MT_PWGTM(1.0),29/04/22 23:00:00,M,B4110,SL,THS_T,IE,2013-10,5.01,
ESTAT:APRO_MT_PWGTM(1.0),29/04/22 23:00:00,M,B4110,SL,THS_T,IE,2013-11,4.45,
ESTAT:APRO_MT_PWGTM(1.0),29/04/22 23:00:00,M,B4110,SL,THS_T,IE,2013-12,4.00,
ESTAT:APRO_MT_PWGTM(1.0),29/04/22 23:00:00,M,B4110,SL,THS_T,IE,2014-01,3.58,
ESTAT:APRO_MT_PWGTM(1.0),29/04/22 23:00:00,M,B4110,SL,THS_T,IE,2014-02,3.10,
ESTAT:APRO_MT_PWGTM(1.0),29/04/22 23:00:00,M,B4110,SL,THS_T,IE,2014-03,2.93,
ESTAT:APRO_MT_PWGTM(1.0),29/04/22 23:00:00,M,B4110,SL,THS_T,IE,2014-04,3.58,
ESTAT:APRO_MT_PWGTM(1.0),29/04/22 23:00:00,M,B4110,SL,THS_T,IE,2014-05,3.63,
ESTAT:APRO_MT_PWGTM(1.0),29/04/22 23:00:00,M,B4110,SL,THS_T,IE,2014-06,4.37,
ESTAT:APRO_MT_PWGTM(1.0),29/04/22 23:00:00,M,B4110,SL,THS_T,IE,2014-07,5.05,
ESTAT:APRO_MT_PWGTM(1.0),29/04/22 23:00:00,M,B4110,SL,THS_T,IE,2014-08,4.57,
ESTAT:APRO_MT_PWGTM(1.0),29/04/22 23:00:00,M,B4110,SL,THS_T,IE,2014-09,5.18,
ESTAT:APRO_MT_PWGTM(1.0),29/04/22 23:00:00,M,B4110,SL,THS_T,IE,2014-10,4.96,
ESTAT:APRO_MT_PWGTM(1.0),29/04/22 23:00:00,M,B4110,SL,THS_T,IE,2014-11,3.72,
ESTAT:APRO_MT_PWGTM(1.0),29/04/22 23:00:00,M,B4110,SL,THS_T,IE,2014-12,3.91,
ESTAT:APRO_MT_PWGTM(1.0),29/04/22 23:00:00,M,B4110,SL,THS_T,IE,2015-01,3.50,
ESTAT:APRO_MT_PWGTM(1.0),29/04/22 23:00:00,M,B4110,SL,THS_T,IE,2015-02,2.98,
ESTAT:APRO_MT_PWGTM(1.0),29/04/22 23:00:00,M,B4110,SL,THS_T,IE,2015-03,3.71,
ESTAT:APRO_MT_PWGTM(1.0),29/04/22 23:00:00,M,B4110,SL,THS_T,IE,2015-04,3.64,
ESTAT:APRO_MT_PWGTM(1.0),29/04/22 23:00:00,M,B4110,SL,THS_T,IE,2015-05,3.61,
ESTAT:APRO_MT_PWGTM(1.0),29/04/22 23:00:00,M,B4110,SL,THS_T,IE,2015-06,4.69,
ESTAT:APRO_MT_PWGTM(1.0),29/04/22 23:00:00,M,B4110,SL,THS_T,IE,2015-07,5.26,
ESTAT:APRO_MT_PWGTM(1.0),29/04/22 23:00:00,M,B4110,SL,THS_T,IE,2015-08,4.72,
ESTAT:APRO_MT_PWGTM(1.0),29/04/22 23:00:00,M,B4110,SL,THS_T,IE,2015-09,5.43,
ESTAT:APRO_MT_PWGTM(1.0),29/04/22 23:00:00,M,B4110,SL,THS_T,IE,2015-10,4.53,
ESTAT:APRO_MT_PWGTM(1.0),29/04/22 23:00:00,M,B4110,SL,THS_T,IE,2015-11,4.13,
ESTAT:APRO_MT_PWGTM(1.0),29/04/22 23:00:00,M,B4110,SL,THS_T,IE,2015-12,4.14,
ESTAT:APRO_MT_PWGTM(1.0),29/04/22 23:00:00,M,B4110,SL,THS_T,IE,2016-01,3.53,
ESTAT:APRO_MT_PWGTM(1.0),29/04/22 23:00:00,M,B4110,SL,THS_T,IE,2016-02,3.39,
ESTAT:APRO_MT_PWGTM(1.0),29/04/22 23:00:00,M,B4110,SL,THS_T,IE,2016-03,4.22,
ESTAT:APRO_MT_PWGTM(1.0),29/04/22 23:00:00,M,B4110,SL,THS_T,IE,2016-04,3.49,
ESTAT:APRO_MT_PWGTM(1.0),29/04/22 23:00:00,M,B4110,SL,THS_T,IE,2016-05,3.98,
ESTAT:APRO_MT_PWGTM(1.0),29/04/22 23:00:00,M,B4110,SL,THS_T,IE,2016-06,4.44,
ESTAT:APRO_MT_PWGTM(1.0),29/04/22 23:00:00,M,B4110,SL,THS_T,IE,2016-07,4.46,
ESTAT:APRO_MT_PWGTM(1.0),29/04/22 23:00:00,M,B4110,SL,THS_T,IE,2016-08,4.47,
ESTAT:APRO_MT_PWGTM(1.0),29/04/22 23:00:00,M,B4110,SL,THS_T,IE,2016-09,4.92,
ESTAT:APRO_MT_PWGTM(1.0),29/04/22 23:00:00,M,B4110,SL,THS_T,IE,2016-10,4.38,
ESTAT:APRO_MT_PWGTM(1.0),29/04/22 23:00:00,M,B4110,SL,THS_T,IE,2016-11,5.03,
ESTAT:APRO_MT_PWGTM(1.0),29/04/22 23:00:00,M,B4110,SL,THS_T,IE,2016-12,4.59,
ESTAT:APRO_MT_PWGTM(1.0),29/04/22 23:00:00,M,B4110,SL,THS_T,IE,2017-01,4.42,
ESTAT:APRO_MT_PWGTM(1.0),29/04/22 23:00:00,M,B4110,SL,THS_T,IE,2017-02,3.84,
ESTAT:APRO_MT_PWGTM(1.0),29/04/22 23:00:00,M,B4110,SL,THS_T,IE,2017-03,4.38,
ESTAT:APRO_MT_PWGTM(1.0),29/04/22 23:00:00,M,B4110,SL,THS_T,IE,2017-04,4.19,
ESTAT:APRO_MT_PWGTM(1.0),29/04/22 23:00:00,M,B4110,SL,THS_T,IE,2017-05,4.65,
ESTAT:APRO_MT_PWGTM(1.0),29/04/22 23:00:00,M,B4110,SL,THS_T,IE,2017-06,4.53,
ESTAT:APRO_MT_PWGTM(1.0),29/04/22 23:00:00,M,B4110,SL,THS_T,IE,2017-07,4.50,
ESTAT:APRO_MT_PWGTM(1.0),29/04/22 23:00:00,M,B4110,SL,THS_T,IE,2017-08,5.18,
ESTAT:APRO_MT_PWGTM(1.0),29/04/22 23:00:00,M,B4110,SL,THS_T,IE,2017-09,4.84,
ESTAT:APRO_MT_PWGTM(1.0),29/04/22 23:00:00,M,B4110,SL,THS_T,IE,2017-10,4.99,
ESTAT:APRO_MT_PWGTM(1.0),29/04/22 23:00:00,M,B4110,SL,THS_T,IE,2017-11,5.41,
ESTAT:APRO_MT_PWGTM(1.0),29/04/22 23:00:00,M,B4110,SL,THS_T,IE,2017-12,4.53,
ESTAT:APRO_MT_PWGTM(1.0),29/04/22 23:00:00,M,B4110,SL,THS_T,IE,2018-01,4.69,
ESTAT:APRO_MT_PWGTM(1.0),29/04/22 23:00:00,M,B4110,SL,THS_T,IE,2018-02,3.86,
ESTAT:APRO_MT_PWGTM(1.0),29/04/22 23:00:00,M,B4110,SL,THS_T,IE,2018-03,4.26,
ESTAT:APRO_MT_PWGTM(1.0),29/04/22 23:00:00,M,B4110,SL,THS_T,IE,2018-04,3.68,
ESTAT:APRO_MT_PWGTM(1.0),29/04/22 23:00:00,M,B4110,SL,THS_T,IE,2018-05,4.29,
ESTAT:APRO_MT_PWGTM(1.0),29/04/22 23:00:00,M,B4110,SL,THS_T,IE,2018-06,4.12,
ESTAT:APRO_MT_PWGTM(1.0),29/04/22 23:00:00,M,B4110,SL,THS_T,IE,2018-07,4.80,
ESTAT:APRO_MT_PWGTM(1.0),29/04/22 23:00:00,M,B4110,SL,THS_T,IE,2018-08,5.79,
ESTAT:APRO_MT_PWGTM(1.0),29/04/22 23:00:00,M,B4110,SL,THS_T,IE,2018-09,4.84,
ESTAT:APRO_MT_PWGTM(1.0),29/04/22 23:00:00,M,B4110,SL,THS_T,IE,2018-10,5.70,
ESTAT:APRO_MT_PWGTM(1.0),29/04/22 23:00:00,M,B4110,SL,THS_T,IE,2018-11,5.26,
ESTAT:APRO_MT_PWGTM(1.0),29/04/22 23:00:00,M,B4110,SL,THS_T,IE,2018-12,4.25,
ESTAT:APRO_MT_PWGTM(1.0),29/04/22 23:00:00,M,B4110,SL,THS_T,IE,2019-01,4.65,
ESTAT:APRO_MT_PWGTM(1.0),29/04/22 23:00:00,M,B4110,SL,THS_T,IE,2019-02,3.13,
ESTAT:APRO_MT_PWGTM(1.0),29/04/22 23:00:00,M,B4110,SL,THS_T,IE,2019-03,3.50,
ESTAT:APRO_MT_PWGTM(1.0),29/04/22 23:00:00,M,B4110,SL,THS_T,IE,2019-04,4.93,
ESTAT:APRO_MT_PWGTM(1.0),29/04/22 23:00:00,M,B4110,SL,THS_T,IE,2019-05,4.99,
ESTAT:APRO_MT_PWGTM(1.0),29/04/22 23:00:00,M,B4110,SL,THS_T,IE,2019-06,4.12,
ESTAT:APRO_MT_PWGTM(1.0),29/04/22 23:00:00,M,B4110,SL,THS_T,IE,2019-07,5.06,
ESTAT:APRO_MT_PWGTM(1.0),29/04/22 23:00:00,M,B4110,SL,THS_T,IE,2019-08,4.96,
ESTAT:APRO_MT_PWGTM(1.0),29/04/22 23:00:00,M,B4110,SL,THS_T,IE,2019-09,4.41,
ESTAT:APRO_MT_PWGTM(1.0),29/04/22 23:00:00,M,B4110,SL,THS_T,IE,2019-10,5.46,
ESTAT:APRO_MT_PWGTM(1.0),29/04/22 23:00:00,M,B4110,SL,THS_T,IE,2019-11,5.12,
ESTAT:APRO_MT_PWGTM(1.0),29/04/22 23:00:00,M,B4110,SL,THS_T,IE,2019-12,5.02,
ESTAT:APRO_MT_PWGTM(1.0),29/04/22 23:00:00,M,B4110,SL,THS_T,IE,2020-01,4.75,
ESTAT:APRO_MT_PWGTM(1.0),29/04/22 23:00:00,M,B4110,SL,THS_T,IE,2020-02,3.94,
ESTAT:APRO_MT_PWGTM(1.0),29/04/22 23:00:00,M,B4110,SL,THS_T,IE,2020-03,4.67,
ESTAT:APRO_MT_PWGTM(1.0),29/04/22 23:00:00,M,B4110,SL,THS_T,IE,2020-04,4.11,
ESTAT:APRO_MT_PWGTM(1.0),29/04/22 23:00:00,M,B4110,SL,THS_T,IE,2020-05,4.03,
ESTAT:APRO_MT_PWGTM(1.0),29/04/22 23:00:00,M,B4110,SL,THS_T,IE,2020-06,5.01,
ESTAT:APRO_MT_PWGTM(1.0),29/04/22 23:00:00,M,B4110,SL,THS_T,IE,2020-07,6.11,
ESTAT:APRO_MT_PWGTM(1.0),29/04/22 23:00:00,M,B4110,SL,THS_T,IE,2020-08,4.20,
ESTAT:APRO_MT_PWGTM(1.0),29/04/22 23:00:00,M,B4110,SL,THS_T,IE,2020-09,5.11,
ESTAT:APRO_MT_PWGTM(1.0),29/04/22 23:00:00,M,B4110,SL,THS_T,IE,2020-10,5.05,
ESTAT:APRO_MT_PWGTM(1.0),29/04/22 23:00:00,M,B4110,SL,THS_T,IE,2020-11,4.50,
ESTAT:APRO_MT_PWGTM(1.0),29/04/22 23:00:00,M,B4110,SL,THS_T,IE,2020-12,4.80,
ESTAT:APRO_MT_PWGTM(1.0),29/04/22 23:00:00,M,B4110,SL,THS_T,IE,2021-01,4.01,
ESTAT:APRO_MT_PWGTM(1.0),29/04/22 23:00:00,M,B4110,SL,THS_T,IE,2021-02,3.45,
ESTAT:APRO_MT_PWGTM(1.0),29/04/22 23:00:00,M,B4110,SL,THS_T,IE,2021-03,4.44,
ESTAT:APRO_MT_PWGTM(1.0),29/04/22 23:00:00,M,B4110,SL,THS_T,IE,2021-04,3.58,
ESTAT:APRO_MT_PWGTM(1.0),29/04/22 23:00:00,M,B4110,SL,THS_T,IE,2021-05,3.65,
ESTAT:APRO_MT_PWGTM(1.0),29/04/22 23:00:00,M,B4110,SL,THS_T,IE,2021-06,4.52,
ESTAT:APRO_MT_PWGTM(1.0),29/04/22 23:00:00,M,B4110,SL,THS_T,IE,2021-07,5.50,
ESTAT:APRO_MT_PWGTM(1.0),29/04/22 23:00:00,M,B4110,SL,THS_T,IE,2021-08,4.76,
ESTAT:APRO_MT_PWGTM(1.0),29/04/22 23:00:00,M,B4110,SL,THS_T,IE,2021-09,5.10,
ESTAT:APRO_MT_PWGTM(1.0),29/04/22 23:00:00,M,B4110,SL,THS_T,IE,2021-10,4.69,
ESTAT:APRO_MT_PWGTM(1.0),29/04/22 23:00:00,M,B4110,SL,THS_T,IE,2021-11,4.99,
ESTAT:APRO_MT_PWGTM(1.0),29/04/22 23:00:00,M,B4110,SL,THS_T,IE,2021-12,5.05,
ESTAT:APRO_MT_PWGTM(1.0),29/04/22 23:00:00,M,B4110,SL,THS_T,IE,2022-01,4.32,
ESTAT:APRO_MT_PWGTM(1.0),29/04/22 23:00:00,M,B4110,SL,THS_T,IE,2022-02,4.62,
ESTAT:APRO_MT_PWGTM(1.0),29/04/22 23:00:00,M,B4110,SL,THS_T,IE,2022-03,5.05,
ESTAT:APRO_MT_PWGTM(1.0),29/04/22 23:00:00,M,B4110,SL,THS_T,IT,1982-01,2.27,
ESTAT:APRO_MT_PWGTM(1.0),29/04/22 23:00:00,M,B4110,SL,THS_T,IT,1982-02,1.80,
ESTAT:APRO_MT_PWGTM(1.0),29/04/22 23:00:00,M,B4110,SL,THS_T,IT,1982-03,2.22,
ESTAT:APRO_MT_PWGTM(1.0),29/04/22 23:00:00,M,B4110,SL,THS_T,IT,1982-04,4.25,
ESTAT:APRO_MT_PWGTM(1.0),29/04/22 23:00:00,M,B4110,SL,THS_T,IT,1982-05,1.50,
ESTAT:APRO_MT_PWGTM(1.0),29/04/22 23:00:00,M,B4110,SL,THS_T,IT,1982-06,0.97,
ESTAT:APRO_MT_PWGTM(1.0),29/04/22 23:00:00,M,B4110,SL,THS_T,IT,1982-07,0.61,
ESTAT:APRO_MT_PWGTM(1.0),29/04/22 23:00:00,M,B4110,SL,THS_T,IT,1982-08,0.71,
ESTAT:APRO_MT_PWGTM(1.0),29/04/22 23:00:00,M,B4110,SL,THS_T,IT,1982-09,1.27,
ESTAT:APRO_MT_PWGTM(1.0),29/04/22 23:00:00,M,B4110,SL,THS_T,IT,1982-10,2.14,
ESTAT:APRO_MT_PWGTM(1.0),29/04/22 23:00:00,M,B4110,SL,THS_T,IT,1982-11,2.75,
ESTAT:APRO_MT_PWGTM(1.0),29/04/22 23:00:00,M,B4110,SL,THS_T,IT,1982-12,8.19,
ESTAT:APRO_MT_PWGTM(1.0),29/04/22 23:00:00,M,B4110,SL,THS_T,IT,1983-01,1.93,
ESTAT:APRO_MT_PWGTM(1.0),29/04/22 23:00:00,M,B4110,SL,THS_T,IT,1983-02,2.18,
ESTAT:APRO_MT_PWGTM(1.0),29/04/22 23:00:00,M,B4110,SL,THS_T,IT,1983-03,4.29,
ESTAT:APRO_MT_PWGTM(1.0),29/04/22 23:00:00,M,B4110,SL,THS_T,IT,1983-04,2.97,
ESTAT:APRO_MT_PWGTM(1.0),29/04/22 23:00:00,M,B4110,SL,THS_T,IT,1983-05,1.61,
ESTAT:APRO_MT_PWGTM(1.0),29/04/22 23:00:00,M,B4110,SL,THS_T,IT,1983-06,1.03,
ESTAT:APRO_MT_PWGTM(1.0),29/04/22 23:00:00,M,B4110,SL,THS_T,IT,1983-07,0.66,
ESTAT:APRO_MT_PWGTM(1.0),29/04/22 23:00:00,M,B4110,SL,THS_T,IT,1983-08,0.95,
ESTAT:APRO_MT_PWGTM(1.0),29/04/22 23:00:00,M,B4110,SL,THS_T,IT,1983-09,1.42,
ESTAT:APRO_MT_PWGTM(1.0),29/04/22 23:00:00,M,B4110,SL,THS_T,IT,1983-10,2.17,
ESTAT:APRO_MT_PWGTM(1.0),29/04/22 23:00:00,M,B4110,SL,THS_T,IT,1983-11,3.36,
ESTAT:APRO_MT_PWGTM(1.0),29/04/22 23:00:00,M,B4110,SL,THS_T,IT,1983-12,8.91,
ESTAT:APRO_MT_PWGTM(1.0),29/04/22 23:00:00,M,B4110,SL,THS_T,IT,1984-01,2.30,
ESTAT:APRO_MT_PWGTM(1.0),29/04/22 23:00:00,M,B4110,SL,THS_T,IT,1984-02,2.03,
ESTAT:APRO_MT_PWGTM(1.0),29/04/22 23:00:00,M,B4110,SL,THS_T,IT,1984-03,3.83,
ESTAT:APRO_MT_PWGTM(1.0),29/04/22 23:00:00,M,B4110,SL,THS_T,IT,1984-04,4.46,
ESTAT:APRO_MT_PWGTM(1.0),29/04/22 23:00:00,M,B4110,SL,THS_T,IT,1984-05,1.66,
ESTAT:APRO_MT_PWGTM(1.0),29/04/22 23:00:00,M,B4110,SL,THS_T,IT,1984-06,1.22,
ESTAT:APRO_MT_PWGTM(1.0),29/04/22 23:00:00,M,B4110,SL,THS_T,IT,1984-07,0.73,
ESTAT:APRO_MT_PWGTM(1.0),29/04/22 23:00:00,M,B4110,SL,THS_T,IT,1984-08,1.25,
ESTAT:APRO_MT_PWGTM(1.0),29/04/22 23:00:00,M,B4110,SL,THS_T,IT,1984-09,1.39,
ESTAT:APRO_MT_PWGTM(1.0),29/04/22 23:00:00,M,B4110,SL,THS_T,IT,1984-10,2.57,
ESTAT:APRO_MT_PWGTM(1.0),29/04/22 23:00:00,M,B4110,SL,THS_T,IT,1984-11,3.52,
ESTAT:APRO_MT_PWGTM(1.0),29/04/22 23:00:00,M,B4110,SL,THS_T,IT,1984-12,9.41,
ESTAT:APRO_MT_PWGTM(1.0),29/04/22 23:00:00,M,B4110,SL,THS_T,IT,1985-01,2.53,
ESTAT:APRO_MT_PWGTM(1.0),29/04/22 23:00:00,M,B4110,SL,THS_T,IT,1985-02,2.17,
ESTAT:APRO_MT_PWGTM(1.0),29/04/22 23:00:00,M,B4110,SL,THS_T,IT,1985-03,3.69,
ESTAT:APRO_MT_PWGTM(1.0),29/04/22 23:00:00,M,B4110,SL,THS_T,IT,1985-04,4.67,
ESTAT:APRO_MT_PWGTM(1.0),29/04/22 23:00:00,M,B4110,SL,THS_T,IT,1985-05,1.62,
ESTAT:APRO_MT_PWGTM(1.0),29/04/22 23:00:00,M,B4110,SL,THS_T,IT,1985-06,0.99,
ESTAT:APRO_MT_PWGTM(1.0),29/04/22 23:00:00,M,B4110,SL,THS_T,IT,1985-07,0.71,
ESTAT:APRO_MT_PWGTM(1.0),29/04/22 23:00:00,M,B4110,SL,THS_T,IT,1985-08,1.16,
ESTAT:APRO_MT_PWGTM(1.0),29/04/22 23:00:00,M,B4110,SL,THS_T,IT,1985-09,1.25,
ESTAT:APRO_MT_PWGTM(1.0),29/04/22 23:00:00,M,B4110,SL,THS_T,IT,1985-10,2.56,
ESTAT:APRO_MT_PWGTM(1.0),29/04/22 23:00:00,M,B4110,SL,THS_T,IT,1985-11,3.04,
ESTAT:APRO_MT_PWGTM(1.0),29/04/22 23:00:00,M,B4110,SL,THS_T,IT,1985-12,10.45,
ESTAT:APRO_MT_PWGTM(1.0),29/04/22 23:00:00,M,B4110,SL,THS_T,IT,1986-01,2.63,
ESTAT:APRO_MT_PWGTM(1.0),29/04/22 23:00:00,M,B4110,SL,THS_T,IT,1986-02,2.16,
ESTAT:APRO_MT_PWGTM(1.0),29/04/22 23:00:00,M,B4110,SL,THS_T,IT,1986-03,5.58,
ESTAT:APRO_MT_PWGTM(1.0),29/04/22 23:00:00,M,B4110,SL,THS_T,IT,1986-04,2.92,
ESTAT:APRO_MT_PWGTM(1.0),29/04/22 23:00:00,M,B4110,SL,THS_T,IT,1986-05,1.41,
ESTAT:APRO_MT_PWGTM(1.0),29/04/22 23:00:00,M,B4110,SL,THS_T,IT,1986-06,0.83,
ESTAT:APRO_MT_PWGTM(1.0),29/04/22 23:00:00,M,B4110,SL,THS_T,IT,1986-07,0.62,
ESTAT:APRO_MT_PWGTM(1.0),29/04/22 23:00:00,M,B4110,SL,THS_T,IT,1986-08,0.95,
ESTAT:APRO_MT_PWGTM(1.0),29/04/22 23:00:00,M,B4110,SL,THS_T,IT,1986-09,1.56,
ESTAT:APRO_MT_PWGTM(1.0),29/04/22 23:00:00,M,B4110,SL,THS_T,IT,1986-10,2.40,
ESTAT:APRO_MT_PWGTM(1.0),29/04/22 23:00:00,M,B4110,SL,THS_T,IT,1986-11,3.11,
ESTAT:APRO_MT_PWGTM(1.0),29/04/22 23:00:00,M,B4110,SL,THS_T,IT,1986-12,10.41,
ESTAT:APRO_MT_PWGTM(1.0),29/04/22 23:00:00,M,B4110,SL,THS_T,IT,1987-01,2.66,
ESTAT:APRO_MT_PWGTM(1.0),29/04/22 23:00:00,M,B4110,SL,THS_T,IT,1987-02,2.18,
ESTAT:APRO_MT_PWGTM(1.0),29/04/22 23:00:00,M,B4110,SL,THS_T,IT,1987-03,3.27,
ESTAT:APRO_MT_PWGTM(1.0),29/04/22 23:00:00,M,B4110,SL,THS_T,IT,1987-04,5.45,
ESTAT:APRO_MT_PWGTM(1.0),29/04/22 23:00:00,M,B4110,SL,THS_T,IT,1987-05,1.35,
ESTAT:APRO_MT_PWGTM(1.0),29/04/22 23:00:00,M,B4110,SL,THS_T,IT,1987-06,0.86,
ESTAT:APRO_MT_PWGTM(1.0),29/04/22 23:00:00,M,B4110,SL,THS_T,IT,1987-07,0.77,
ESTAT:APRO_MT_PWGTM(1.0),29/04/22 23:00:00,M,B4110,SL,THS_T,IT,1987-08,1.29,
ESTAT:APRO_MT_PWGTM(1.0),29/04/22 23:00:00,M,B4110,SL,THS_T,IT,1987-09,1.51,
ESTAT:APRO_MT_PWGTM(1.0),29/04/22 23:00:00,M,B4110,SL,THS_T,IT,1987-10,2.64,
ESTAT:APRO_MT_PWGTM(1.0),29/04/22 23:00:00,M,B4110,SL,THS_T,IT,1987-11,3.55,
ESTAT:APRO_MT_PWGTM(1.0),29/04/22 23:00:00,M,B4110,SL,THS_T,IT,1987-12,12.28,
ESTAT:APRO_MT_PWGTM(1.0),29/04/22 23:00:00,M,B4110,SL,THS_T,IT,1988-01,2.50,
ESTAT:APRO_MT_PWGTM(1.0),29/04/22 23:00:00,M,B4110,SL,THS_T,IT,1988-02,2.79,
ESTAT:APRO_MT_PWGTM(1.0),29/04/22 23:00:00,M,B4110,SL,THS_T,IT,1988-03,7.07,
ESTAT:APRO_MT_PWGTM(1.0),29/04/22 23:00:00,M,B4110,SL,THS_T,IT,1988-04,3.14,
ESTAT:APRO_MT_PWGTM(1.0),29/04/22 23:00:00,M,B4110,SL,THS_T,IT,1988-05,1.45,
ESTAT:APRO_MT_PWGTM(1.0),29/04/22 23:00:00,M,B4110,SL,THS_T,IT,1988-06,0.99,
ESTAT:APRO_MT_PWGTM(1.0),29/04/22 23:00:00,M,B4110,SL,THS_T,IT,1988-07,0.80,
ESTAT:APRO_MT_PWGTM(1.0),29/04/22 23:00:00,M,B4110,SL,THS_T,IT,1988-08,1.41,
ESTAT:APRO_MT_PWGTM(1.0),29/04/22 23:00:00,M,B4110,SL,THS_T,IT,1988-09,1.60,
ESTAT:APRO_MT_PWGTM(1.0),29/04/22 23:00:00,M,B4110,SL,THS_T,IT,1988-10,2.48,
ESTAT:APRO_MT_PWGTM(1.0),29/04/22 23:00:00,M,B4110,SL,THS_T,IT,1988-11,3.76,
ESTAT:APRO_MT_PWGTM(1.0),29/04/22 23:00:00,M,B4110,SL,THS_T,IT,1988-12,12.17,
ESTAT:APRO_MT_PWGTM(1.0),29/04/22 23:00:00,M,B4110,SL,THS_T,IT,1989-01,2.52,
ESTAT:APRO_MT_PWGTM(1.0),29/04/22 23:00:00,M,B4110,SL,THS_T,IT,1989-02,2.66,
ESTAT:APRO_MT_PWGTM(1.0),29/04/22 23:00:00,M,B4110,SL,THS_T,IT,1989-03,8.11,
ESTAT:APRO_MT_PWGTM(1.0),29/04/22 23:00:00,M,B4110,SL,THS_T,IT,1989-04,3.27,
ESTAT:APRO_MT_PWGTM(1.0),29/04/22 23:00:00,M,B4110,SL,THS_T,IT,1989-05,1.67,
ESTAT:APRO_MT_PWGTM(1.0),29/04/22 23:00:00,M,B4110,SL,THS_T,IT,1989-06,1.07,
ESTAT:APRO_MT_PWGTM(1.0),29/04/22 23:00:00,M,B4110,SL,THS_T,IT,1989-07,0.76,
ESTAT:APRO_MT_PWGTM(1.0),29/04/22 23:00:00,M,B4110,SL,THS_T,IT,1989-08,1.42,
ESTAT:APRO_MT_PWGTM(1.0),29/04/22 23:00:00,M,B4110,SL,THS_T,IT,1989-09,1.82,
ESTAT:APRO_MT_PWGTM(1.0),29/04/22 23:00:00,M,B4110,SL,THS_T,IT,1989-10,2.61,
ESTAT:APRO_MT_PWGTM(1.0),29/04/22 23:00:00,M,B4110,SL,THS_T,IT,1989-11,3.58,
ESTAT:APRO_MT_PWGTM(1.0),29/04/22 23:00:00,M,B4110,SL,THS_T,IT,1989-12,13.07,
ESTAT:APRO_MT_PWGTM(1.0),29/04/22 23:00:00,M,B4110,SL,THS_T,IT,1990-01,3.00,
ESTAT:APRO_MT_PWGTM(1.0),29/04/22 23:00:00,M,B4110,SL,THS_T,IT,1990-02,2.81,
ESTAT:APRO_MT_PWGTM(1.0),29/04/22 23:00:00,M,B4110,SL,THS_T,IT,1990-03,4.97,
ESTAT:APRO_MT_PWGTM(1.0),29/04/22 23:00:00,M,B4110,SL,THS_T,IT,1990-04,9.41,
ESTAT:APRO_MT_PWGTM(1.0),29/04/22 23:00:00,M,B4110,SL,THS_T,IT,1990-05,1.56,
ESTAT:APRO_MT_PWGTM(1.0),29/04/22 23:00:00,M,B4110,SL,THS_T,IT,1990-06,1.07,
ESTAT:APRO_MT_PWGTM(1.0),29/04/22 23:00:00,M,B4110,SL,THS_T,IT,1990-07,0.82,
ESTAT:APRO_MT_PWGTM(1.0),29/04/22 23:00:00,M,B4110,SL,THS_T,IT,1990-08,1.57,
ESTAT:APRO_MT_PWGTM(1.0),29/04/22 23:00:00,M,B4110,SL,THS_T,IT,1990-09,1.90,
ESTAT:APRO_MT_PWGTM(1.0),29/04/22 23:00:00,M,B4110,SL,THS_T,IT,1990-10,2.82,
ESTAT:APRO_MT_PWGTM(1.0),29/04/22 23:00:00,M,B4110,SL,THS_T,IT,1990-11,3.57,
ESTAT:APRO_MT_PWGTM(1.0),29/04/22 23:00:00,M,B4110,SL,THS_T,IT,1990-12,13.30,
ESTAT:APRO_MT_PWGTM(1.0),29/04/22 23:00:00,M,B4110,SL,THS_T,IT,1991-01,3.18,
ESTAT:APRO_MT_PWGTM(1.0),29/04/22 23:00:00,M,B4110,SL,THS_T,IT,1991-02,2.77,
ESTAT:APRO_MT_PWGTM(1.0),29/04/22 23:00:00,M,B4110,SL,THS_T,IT,1991-03,9.32,
ESTAT:APRO_MT_PWGTM(1.0),29/04/22 23:00:00,M,B4110,SL,THS_T,IT,1991-04,4.07,
ESTAT:APRO_MT_PWGTM(1.0),29/04/22 23:00:00,M,B4110,SL,THS_T,IT,1991-05,1.70,
ESTAT:APRO_MT_PWGTM(1.0),29/04/22 23:00:00,M,B4110,SL,THS_T,IT,1991-06,1.08,
ESTAT:APRO_MT_PWGTM(1.0),29/04/22 23:00:00,M,B4110,SL,THS_T,IT,1991-07,0.89,
ESTAT:APRO_MT_PWGTM(1.0),29/04/22 23:00:00,M,B4110,SL,THS_T,IT,1991-08,1.69,
ESTAT:APRO_MT_PWGTM(1.0),29/04/22 23:00:00,M,B4110,SL,THS_T,IT,1991-09,1.96,
ESTAT:APRO_MT_PWGTM(1.0),29/04/22 23:00:00,M,B4110,SL,THS_T,IT,1991-10,2.92,
ESTAT:APRO_MT_PWGTM(1.0),29/04/22 23:00:00,M,B4110,SL,THS_T,IT,1991-11,3.53,
ESTAT:APRO_MT_PWGTM(1.0),29/04/22 23:00:00,M,B4110,SL,THS_T,IT,1991-12,15.36,
ESTAT:APRO_MT_PWGTM(1.0),29/04/22 23:00:00,M,B4110,SL,THS_T,IT,1992-01,3.16,
ESTAT:APRO_MT_PWGTM(1.0),29/04/22 23:00:00,M,B4110,SL,THS_T,IT,1992-02,2.95,
ESTAT:APRO_MT_PWGTM(1.0),29/04/22 23:00:00,M,B4110,SL,THS_T,IT,1992-03,5.59,
ESTAT:APRO_MT_PWGTM(1.0),29/04/22 23:00:00,M,B4110,SL,THS_T,IT,1992-04,7.99,
ESTAT:APRO_MT_PWGTM(1.0),29/04/22 23:00:00,M,B4110,SL,THS_T,IT,1992-05,1.43,
ESTAT:APRO_MT_PWGTM(1.0),29/04/22 23:00:00,M,B4110,SL,THS_T,IT,1992-06,1.14,
ESTAT:APRO_MT_PWGTM(1.0),29/04/22 23:00:00,M,B4110,SL,THS_T,IT,1992-07,0.87,
ESTAT:APRO_MT_PWGTM(1.0),29/04/22 23:00:00,M,B4110,SL,THS_T,IT,1992-08,1.36,
ESTAT:APRO_MT_PWGTM(1.0),29/04/22 23:00:00,M,B4110,SL,THS_T,IT,1992-09,1.93,
ESTAT:APRO_MT_PWGTM(1.0),29/04/22 23:00:00,M,B4110,SL,THS_T,IT,1992-10,2.81,
ESTAT:APRO_MT_PWGTM(1.0),29/04/22 23:00:00,M,B4110,SL,THS_T,IT,1992-11,4.13,
ESTAT:APRO_MT_PWGTM(1.0),29/04/22 23:00:00,M,B4110,SL,THS_T,IT,1992-12,15.66,
ESTAT:APRO_MT_PWGTM(1.0),29/04/22 23:00:00,M,B4110,SL,THS_T,IT,1993-01,2.98,
ESTAT:APRO_MT_PWGTM(1.0),29/04/22 23:00:00,M,B4110,SL,THS_T,IT,1993-02,2.63,
ESTAT:APRO_MT_PWGTM(1.0),29/04/22 23:00:00,M,B4110,SL,THS_T,IT,1993-03,4.64,
ESTAT:APRO_MT_PWGTM(1.0),29/04/22 23:00:00,M,B4110,SL,THS_T,IT,1993-04,7.64,
ESTAT:APRO_MT_PWGTM(1.0),29/04/22 23:00:00,M,B4110,SL,THS_T,IT,1993-05,1.34,
ESTAT:APRO_MT_PWGTM(1.0),29/04/22 23:00:00,M,B4110,SL,THS_T,IT,1993-06,1.04,
ESTAT:APRO_MT_PWGTM(1.0),29/04/22 23:00:00,M,B4110,SL,THS_T,IT,1993-07,0.76,
ESTAT:APRO_MT_PWGTM(1.0),29/04/22 23:00:00,M,B4110,SL,THS_T,IT,1993-08,1.29,
ESTAT:APRO_MT_PWGTM(1.0),29/04/22 23:00:00,M,B4110,SL,THS_T,IT,1993-09,1.77,
ESTAT:APRO_MT_PWGTM(1.0),29/04/22 23:00:00,M,B4110,SL,THS_T,IT,1993-10,2.24,
ESTAT:APRO_MT_PWGTM(1.0),29/04/22 23:00:00,M,B4110,SL,THS_T,IT,1993-11,3.65,
ESTAT:APRO_MT_PWGTM(1.0),29/04/22 23:00:00,M,B4110,SL,THS_T,IT,1993-12,13.14,
ESTAT:APRO_MT_PWGTM(1.0),29/04/22 23:00:00,M,B4110,SL,THS_T,IT,1994-01,2.30,
ESTAT:APRO_MT_PWGTM(1.0),29/04/22 23:00:00,M,B4110,SL,THS_T,IT,1994-02,2.30,
ESTAT:APRO_MT_PWGTM(1.0),29/04/22 23:00:00,M,B4110,SL,THS_T,IT,1994-03,6.48,
ESTAT:APRO_MT_PWGTM(1.0),29/04/22 23:00:00,M,B4110,SL,THS_T,IT,1994-04,3.98,
ESTAT:APRO_MT_PWGTM(1.0),29/04/22 23:00:00,M,B4110,SL,THS_T,IT,1994-05,1.33,
ESTAT:APRO_MT_PWGTM(1.0),29/04/22 23:00:00,M,B4110,SL,THS_T,IT,1994-06,1.05,
ESTAT:APRO_MT_PWGTM(1.0),29/04/22 23:00:00,M,B4110,SL,THS_T,IT,1994-07,0.72,
ESTAT:APRO_MT_PWGTM(1.0),29/04/22 23:00:00,M,B4110,SL,THS_T,IT,1994-08,1.19,
ESTAT:APRO_MT_PWGTM(1.0),29/04/22 23:00:00,M,B4110,SL,THS_T,IT,1994-09,1.74,
ESTAT:APRO_MT_PWGTM(1.0),29/04/22 23:00:00,M,B4110,SL,THS_T,IT,1994-10,2.24,
ESTAT:APRO_MT_PWGTM(1.0),29/04/22 23:00:00,M,B4110,SL,THS_T,IT,1994-11,3.55,
ESTAT:APRO_MT_PWGTM(1.0),29/04/22 23:00:00,M,B4110,SL,THS_T,IT,1994-12,12.98,
ESTAT:APRO_MT_PWGTM(1.0),29/04/22 23:00:00,M,B4110,SL,THS_T,IT,1995-01,2.51,
ESTAT:APRO_MT_PWGTM(1.0),29/04/22 23:00:00,M,B4110,SL,THS_T,IT,1995-02,2.27,
ESTAT:APRO_MT_PWGTM(1.0),29/04/22 23:00:00,M,B4110,SL,THS_T,IT,1995-03,3.25,
ESTAT:APRO_MT_PWGTM(1.0),29/04/22 23:00:00,M,B4110,SL,THS_T,IT,1995-04,5.37,
ESTAT:APRO_MT_PWGTM(1.0),29/04/22 23:00:00,M,B4110,SL,THS_T,IT,1995-05,1.26,
ESTAT:APRO_MT_PWGTM(1.0),29/04/22 23:00:00,M,B4110,SL,THS_T,IT,1995-06,1.05,
ESTAT:APRO_MT_PWGTM(1.0),29/04/22 23:00:00,M,B4110,SL,THS_T,IT,1995-07,0.69,
ESTAT:APRO_MT_PWGTM(1.0),29/04/22 23:00:00,M,B4110,SL,THS_T,IT,1995-08,1.13,
ESTAT:APRO_MT_PWGTM(1.0),29/04/22 23:00:00,M,B4110,SL,THS_T,IT,1995-09,1.71,
ESTAT:APRO_MT_PWGTM(1.0),29/04/22 23:00:00,M,B4110,SL,THS_T,IT,1995-10,2.22,
ESTAT:APRO_MT_PWGTM(1.0),29/04/22 23:00:00,M,B4110,SL,THS_T,IT,1995-11,3.37,
ESTAT:APRO_MT_PWGTM(1.0),29/04/22 23:00:00,M,B4110,SL,THS_T,IT,1995-12,13.89,
ESTAT:APRO_MT_PWGTM(1.0),29/04/22 23:00:00,M,B4110,SL,THS_T,IT,1996-01,2.84,
ESTAT:APRO_MT_PWGTM(1.0),29/04/22 23:00:00,M,B4110,SL,THS_T,IT,1996-02,2.70,
ESTAT:APRO_MT_PWGTM(1.0),29/04/22 23:00:00,M,B4110,SL,THS_T,IT,1996-03,5.10,
ESTAT:APRO_MT_PWGTM(1.0),29/04/22 23:00:00,M,B4110,SL,THS_T,IT,1996-04,4.50,
ESTAT:APRO_MT_PWGTM(1.0),29/04/22 23:00:00,M,B4110,SL,THS_T,IT,1996-05,1.36,
ESTAT:APRO_MT_PWGTM(1.0),29/04/22 23:00:00,M,B4110,SL,THS_T,IT,1996-06,1.00,
ESTAT:APRO_MT_PWGTM(1.0),29/04/22 23:00:00,M,B4110,SL,THS_T,IT,1996-07,0.76,
ESTAT:APRO_MT_PWGTM(1.0),29/04/22 23:00:00,M,B4110,SL,THS_T,IT,1996-08,1.05,
ESTAT:APRO_MT_PWGTM(1.0),29/04/22 23:00:00,M,B4110,SL,THS_T,IT,1996-09,1.17,
ESTAT:APRO_MT_PWGTM(1.0),29/04/22 23:00:00,M,B4110,SL,THS_T,IT,1996-10,2.18,
ESTAT:APRO_MT_PWGTM(1.0),29/04/22 23:00:00,M,B4110,SL,THS_T,IT,1996-11,3.28,
ESTAT:APRO_MT_PWGTM(1.0),29/04/22 23:00:00,M,B4110,SL,THS_T,IT,1996-12,10.88,
ESTAT:APRO_MT_PWGTM(1.0),29/04/22 23:00:00,M,B4110,SL,THS_T,IT,1997-01,2.88,
ESTAT:APRO_MT_PWGTM(1.0),29/04/22 23:00:00,M,B4110,SL,THS_T,IT,1997-02,2.53,
ESTAT:APRO_MT_PWGTM(1.0),29/04/22 23:00:00,M,B4110,SL,THS_T,IT,1997-03,7.19,
ESTAT:APRO_MT_PWGTM(1.0),29/04/22 23:00:00,M,B4110,SL,THS_T,IT,1997-04,2.22,
ESTAT:APRO_MT_PWGTM(1.0),29/04/22 23:00:00,M,B4110,SL,THS_T,IT,1997-05,1.57,
ESTAT:APRO_MT_PWGTM(1.0),29/04/22 23:00:00,M,B4110,SL,THS_T,IT,1997-06,0.97,
ESTAT:APRO_MT_PWGTM(1.0),29/04/22 23:00:00,M,B4110,SL,THS_T,IT,1997-07,0.74,
ESTAT:APRO_MT_PWGTM(1.0),29/04/22 23:00:00,M,B4110,SL,THS_T,IT,1997-08,0.94,
ESTAT:APRO_MT_PWGTM(1.0),29/04/22 23:00:00,M,B4110,SL,THS_T,IT,1997-09,1.18,
ESTAT:APRO_MT_PWGTM(1.0),29/04/22 23:00:00,M,B4110,SL,THS_T,IT,1997-10,2.17,
ESTAT:APRO_MT_PWGTM(1.0),29/04/22 23:00:00,M,B4110,SL,THS_T,IT,1997-11,2.81,
ESTAT:APRO_MT_PWGTM(1.0),29/04/22 23:00:00,M,B4110,SL,THS_T,IT,1997-12,10.39,
ESTAT:APRO_MT_PWGTM(1.0),29/04/22 23:00:00,M,B4110,SL,THS_T,IT,1998-01,2.79,
ESTAT:APRO_MT_PWGTM(1.0),29/04/22 23:00:00,M,B4110,SL,THS_T,IT,1998-02,2.62,
ESTAT:APRO_MT_PWGTM(1.0),29/04/22 23:00:00,M,B4110,SL,THS_T,IT,1998-03,3.76,
ESTAT:APRO_MT_PWGTM(1.0),29/04/22 23:00:00,M,B4110,SL,THS_T,IT,1998-04,5.36,
ESTAT:APRO_MT_PWGTM(1.0),29/04/22 23:00:00,M,B4110,SL,THS_T,IT,1998-05,1.50,
ESTAT:APRO_MT_PWGTM(1.0),29/04/22 23:00:00,M,B4110,SL,THS_T,IT,1998-06,1.03,
ESTAT:APRO_MT_PWGTM(1.0),29/04/22 23:00:00,M,B4110,SL,THS_T,IT,1998-07,0.62,
ESTAT:APRO_MT_PWGTM(1.0),29/04/22 23:00:00,M,B4110,SL,THS_T,IT,1998-08,0.96,
ESTAT:APRO_MT_PWGTM(1.0),29/04/22 23:00:00,M,B4110,SL,THS_T,IT,1998-09,1.12,
ESTAT:APRO_MT_PWGTM(1.0),29/04/22 23:00:00,M,B4110,SL,THS_T,IT,1998-10,1.99,
ESTAT:APRO_MT_PWGTM(1.0),29/04/22 23:00:00,M,B4110,SL,THS_T,IT,1998-11,2.94,
ESTAT:APRO_MT_PWGTM(1.0),29/04/22 23:00:00,M,B4110,SL,THS_T,IT,1998-12,9.60,
ESTAT:APRO_MT_PWGTM(1.0),29/04/22 23:00:00,M,B4110,SL,THS_T,IT,1999-01,2.50,
ESTAT:APRO_MT_PWGTM(1.0),29/04/22 23:00:00,M,B4110,SL,THS_T,IT,1999-02,2.59,
ESTAT:APRO_MT_PWGTM(1.0),29/04/22 23:00:00,M,B4110,SL,THS_T,IT,1999-03,7.09,
ESTAT:APRO_MT_PWGTM(1.0),29/04/22 23:00:00,M,B4110,SL,THS_T,IT,1999-04,2.65,
ESTAT:APRO_MT_PWGTM(1.0),29/04/22 23:00:00,M,B4110,SL,THS_T,IT,1999-05,1.39,
ESTAT:APRO_MT_PWGTM(1.0),29/04/22 23:00:00,M,B4110,SL,THS_T,IT,1999-06,1.03,
ESTAT:APRO_MT_PWGTM(1.0),29/04/22 23:00:00,M,B4110,SL,THS_T,IT,1999-07,0.89,
ESTAT:APRO_MT_PWGTM(1.0),29/04/22 23:00:00,M,B4110,SL,THS_T,IT,1999-08,1.25,
ESTAT:APRO_MT_PWGTM(1.0),29/04/22 23:00:00,M,B4110,SL,THS_T,IT,1999-09,1.28,
ESTAT:APRO_MT_PWGTM(1.0),29/04/22 23:00:00,M,B4110,SL,THS_T,IT,1999-10,1.97,
ESTAT:APRO_MT_PWGTM(1.0),29/04/22 23:00:00,M,B4110,SL,THS_T,IT,1999-11,3.12,
ESTAT:APRO_MT_PWGTM(1.0),29/04/22 23:00:00,M,B4110,SL,THS_T,IT,1999-12,9.52,
ESTAT:APRO_MT_PWGTM(1.0),29/04/22 23:00:00,M,B4110,SL,THS_T,IT,2000-01,2.68,
ESTAT:APRO_MT_PWGTM(1.0),29/04/22 23:00:00,M,B4110,SL,THS_T,IT,2000-02,2.96,
ESTAT:APRO_MT_PWGTM(1.0),29/04/22 23:00:00,M,B4110,SL,THS_T,IT,2000-03,3.24,
ESTAT:APRO_MT_PWGTM(1.0),29/04/22 23:00:00,M,B4110,SL,THS_T,IT,2000-04,6.16,
ESTAT:APRO_MT_PWGTM(1.0),29/04/22 23:00:00,M,B4110,SL,THS_T,IT,2000-05,1.57,
ESTAT:APRO_MT_PWGTM(1.0),29/04/22 23:00:00,M,B4110,SL,THS_T,IT,2000-06,1.14,
ESTAT:APRO_MT_PWGTM(1.0),29/04/22 23:00:00,M,B4110,SL,THS_T,IT,2000-07,0.88,
ESTAT:APRO_MT_PWGTM(1.0),29/04/22 23:00:00,M,B4110,SL,THS_T,IT,2000-08,1.17,
ESTAT:APRO_MT_PWGTM(1.0),29/04/22 23:00:00,M,B4110,SL,THS_T,IT,2000-09,1.24,
ESTAT:APRO_MT_PWGTM(1.0),29/04/22 23:00:00,M,B4110,SL,THS_T,IT,2000-10,2.14,
ESTAT:APRO_MT_PWGTM(1.0),29/04/22 23:00:00,M,B4110,SL,THS_T,IT,2000-11,2.98,
ESTAT:APRO_MT_PWGTM(1.0),29/04/22 23:00:00,M,B4110,SL,THS_T,IT,2000-12,8.62,
ESTAT:APRO_MT_PWGTM(1.0),29/04/22 23:00:00,M,B4110,SL,THS_T,IT,2001-01,2.69,
ESTAT:APRO_MT_PWGTM(1.0),29/04/22 23:00:00,M,B4110,SL,THS_T,IT,2001-02,2.81,
ESTAT:APRO_MT_PWGTM(1.0),29/04/22 23:00:00,M,B4110,SL,THS_T,IT,2001-03,2.26,
ESTAT:APRO_MT_PWGTM(1.0),29/04/22 23:00:00,M,B4110,SL,THS_T,IT,2001-04,5.85,
ESTAT:APRO_MT_PWGTM(1.0),29/04/22 23:00:00,M,B4110,SL,THS_T,IT,2001-05,1.82,
ESTAT:APRO_MT_PWGTM(1.0),29/04/22 23:00:00,M,B4110,SL,THS_T,IT,2001-06,1.44,
ESTAT:APRO_MT_PWGTM(1.0),29/04/22 23:00:00,M,B4110,SL,THS_T,IT,2001-07,0.94,
ESTAT:APRO_MT_PWGTM(1.0),29/04/22 23:00:00,M,B4110,SL,THS_T,IT,2001-08,1.57,
ESTAT:APRO_MT_PWGTM(1.0),29/04/22 23:00:00,M,B4110,SL,THS_T,IT,2001-09,1.29,
ESTAT:APRO_MT_PWGTM(1.0),29/04/22 23:00:00,M,B4110,SL,THS_T,IT,2001-10,2.02,
ESTAT:APRO_MT_PWGTM(1.0),29/04/22 23:00:00,M,B4110,SL,THS_T,IT,2001-11,3.49,
ESTAT:APRO_MT_PWGTM(1.0),29/04/22 23:00:00,M,B4110,SL,THS_T,IT,2001-12,10.83,
ESTAT:APRO_MT_PWGTM(1.0),29/04/22 23:00:00,M,B4110,SL,THS_T,IT,2002-01,2.60,
ESTAT:APRO_MT_PWGTM(1.0),29/04/22 23:00:00,M,B4110,SL,THS_T,IT,2002-02,2.30,
ESTAT:APRO_MT_PWGTM(1.0),29/04/22 23:00:00,M,B4110,SL,THS_T,IT,2002-03,5.80,
ESTAT:APRO_MT_PWGTM(1.0),29/04/22 23:00:00,M,B4110,SL,THS_T,IT,2002-04,1.80,
ESTAT:APRO_MT_PWGTM(1.0),29/04/22 23:00:00,M,B4110,SL,THS_T,IT,2002-05,1.90,
ESTAT:APRO_MT_PWGTM(1.0),29/04/22 23:00:00,M,B4110,SL,THS_T,IT,2002-06,1.20,
ESTAT:APRO_MT_PWGTM(1.0),29/04/22 23:00:00,M,B4110,SL,THS_T,IT,2002-07,1.10,
ESTAT:APRO_MT_PWGTM(1.0),29/04/22 23:00:00,M,B4110,SL,THS_T,IT,2002-08,1.90,
ESTAT:APRO_MT_PWGTM(1.0),29/04/22 23:00:00,M,B4110,SL,THS_T,IT,2002-09,1.30,
ESTAT:APRO_MT_PWGTM(1.0),29/04/22 23:00:00,M,B4110,SL,THS_T,IT,2002-10,2.20,
ESTAT:APRO_MT_PWGTM(1.0),29/04/22 23:00:00,M,B4110,SL,THS_T,IT,2002-11,3.50,
ESTAT:APRO_MT_PWGTM(1.0),29/04/22 23:00:00,M,B4110,SL,THS_T,IT,2002-12,11.00,
ESTAT:APRO_MT_PWGTM(1.0),29/04/22 23:00:00,M,B4110,SL,THS_T,IT,2003-01,1.70,
ESTAT:APRO_MT_PWGTM(1.0),29/04/22 23:00:00,M,B4110,SL,THS_T,IT,2003-02,2.50,
ESTAT:APRO_MT_PWGTM(1.0),29/04/22 23:00:00,M,B4110,SL,THS_T,IT,2003-03,1.70,
ESTAT:APRO_MT_PWGTM(1.0),29/04/22 23:00:00,M,B4110,SL,THS_T,IT,2003-04,4.90,
ESTAT:APRO_MT_PWGTM(1.0),29/04/22 23:00:00,M,B4110,SL,THS_T,IT,2003-05,1.90,
ESTAT:APRO_MT_PWGTM(1.0),29/04/22 23:00:00,M,B4110,SL,THS_T,IT,2003-06,1.20,
ESTAT:APRO_MT_PWGTM(1.0),29/04/22 23:00:00,M,B4110,SL,THS_T,IT,2003-07,1.10,
ESTAT:APRO_MT_PWGTM(1.0),29/04/22 23:00:00,M,B4110,SL,THS_T,IT,2003-08,1.30,
ESTAT:APRO_MT_PWGTM(1.0),29/04/22 23:00:00,M,B4110,SL,THS_T,IT,2003-09,1.80,
ESTAT:APRO_MT_PWGTM(1.0),29/04/22 23:00:00,M,B4110,SL,THS_T,IT,2003-10,2.20,
ESTAT:APRO_MT_PWGTM(1.0),29/04/22 23:00:00,M,B4110,SL,THS_T,IT,2003-11,3.43,
ESTAT:APRO_MT_PWGTM(1.0),29/04/22 23:00:00,M,B4110,SL,THS_T,IT,2003-12,11.63,
ESTAT:APRO_MT_PWGTM(1.0),29/04/22 23:00:00,M,B4110,SL,THS_T,IT,2004-01,3.20,
ESTAT:APRO_MT_PWGTM(1.0),29/04/22 23:00:00,M,B4110,SL,THS_T,IT,2004-02,3.17,
ESTAT:APRO_MT_PWGTM(1.0),29/04/22 23:00:00,M,B4110,SL,THS_T,IT,2004-03,3.00,
ESTAT:APRO_MT_PWGTM(1.0),29/04/22 23:00:00,M,B4110,SL,THS_T,IT,2004-04,5.30,
ESTAT:APRO_MT_PWGTM(1.0),29/04/22 23:00:00,M,B4110,SL,THS_T,IT,2004-05,1.50,
ESTAT:APRO_MT_PWGTM(1.0),29/04/22 23:00:00,M,B4110,SL,THS_T,IT,2004-06,1.37,
ESTAT:APRO_MT_PWGTM(1.0),29/04/22 23:00:00,M,B4110,SL,THS_T,IT,2004-07,1.10,
ESTAT:APRO_MT_PWGTM(1.0),29/04/22 23:00:00,M,B4110,SL,THS_T,IT,2004-08,1.30,
ESTAT:APRO_MT_PWGTM(1.0),29/04/22 23:00:00,M,B4110,SL,THS_T,IT,2004-09,1.30,
ESTAT:APRO_MT_PWGTM(1.0),29/04/22 23:00:00,M,B4110,SL,THS_T,IT,2004-10,2.20,
ESTAT:APRO_MT_PWGTM(1.0),29/04/22 23:00:00,M,B4110,SL,THS_T,IT,2004-11,3.40,
ESTAT:APRO_MT_PWGTM(1.0),29/04/22 23:00:00,M,B4110,SL,THS_T,IT,2004-12,11.80,
ESTAT:APRO_MT_PWGTM(1.0),29/04/22 23:00:00,M,B4110,SL,THS_T,IT,2005-01,3.06,
ESTAT:APRO_MT_PWGTM(1.0),29/04/22 23:00:00,M,B4110,SL,THS_T,IT,2005-02,2.53,
ESTAT:APRO_MT_PWGTM(1.0),29/04/22 23:00:00,M,B4110,SL,THS_T,IT,2005-03,5.24,
ESTAT:APRO_MT_PWGTM(1.0),29/04/22 23:00:00,M,B4110,SL,THS_T,IT,2005-04,1.39,
ESTAT:APRO_MT_PWGTM(1.0),29/04/22 23:00:00,M,B4110,SL,THS_T,IT,2005-05,1.55,
ESTAT:APRO_MT_PWGTM(1.0),29/04/22 23:00:00,M,B4110,SL,THS_T,IT,2005-06,1.17,
ESTAT:APRO_MT_PWGTM(1.0),29/04/22 23:00:00,M,B4110,SL,THS_T,IT,2005-07,1.02,
ESTAT:APRO_MT_PWGTM(1.0),29/04/22 23:00:00,M,B4110,SL,THS_T,IT,2005-08,1.27,
ESTAT:APRO_MT_PWGTM(1.0),29/04/22 23:00:00,M,B4110,SL,THS_T,IT,2005-09,1.20,
ESTAT:APRO_MT_PWGTM(1.0),29/04/22 23:00:00,M,B4110,SL,THS_T,IT,2005-10,2.37,
ESTAT:APRO_MT_PWGTM(1.0),29/04/22 23:00:00,M,B4110,SL,THS_T,IT,2005-11,3.30,
ESTAT:APRO_MT_PWGTM(1.0),29/04/22 23:00:00,M,B4110,SL,THS_T,IT,2005-12,12.88,
ESTAT:APRO_MT_PWGTM(1.0),29/04/22 23:00:00,M,B4110,SL,THS_T,IT,2006-01,3.13,
ESTAT:APRO_MT_PWGTM(1.0),29/04/22 23:00:00,M,B4110,SL,THS_T,IT,2006-02,2.82,
ESTAT:APRO_MT_PWGTM(1.0),29/04/22 23:00:00,M,B4110,SL,THS_T,IT,2006-03,2.44,
ESTAT:APRO_MT_PWGTM(1.0),29/04/22 23:00:00,M,B4110,SL,THS_T,IT,2006-04,5.46,
ESTAT:APRO_MT_PWGTM(1.0),29/04/22 23:00:00,M,B4110,SL,THS_T,IT,2006-05,1.72,
ESTAT:APRO_MT_PWGTM(1.0),29/04/22 23:00:00,M,B4110,SL,THS_T,IT,2006-06,1.27,
ESTAT:APRO_MT_PWGTM(1.0),29/04/22 23:00:00,M,B4110,SL,THS_T,IT,2006-07,1.05,
ESTAT:APRO_MT_PWGTM(1.0),29/04/22 23:00:00,M,B4110,SL,THS_T,IT,2006-08,1.20,
ESTAT:APRO_MT_PWGTM(1.0),29/04/22 23:00:00,M,B4110,SL,THS_T,IT,2006-09,1.20,
ESTAT:APRO_MT_PWGTM(1.0),29/04/22 23:00:00,M,B4110,SL,THS_T,IT,2006-10,2.37,
ESTAT:APRO_MT_PWGTM(1.0),29/04/22 23:00:00,M,B4110,SL,THS_T,IT,2006-11,3.33,
ESTAT:APRO_MT_PWGTM(1.0),29/04/22 23:00:00,M,B4110,SL,THS_T,IT,2006-12,13.24,
ESTAT:APRO_MT_PWGTM(1.0),29/04/22 23:00:00,M,B4110,SL,THS_T,IT,2007-01,3.14,
ESTAT:APRO_MT_PWGTM(1.0),29/04/22 23:00:00,M,B4110,SL,THS_T,IT,2007-02,2.90,
ESTAT:APRO_MT_PWGTM(1.0),29/04/22 23:00:00,M,B4110,SL,THS_T,IT,2007-03,3.77,
ESTAT:APRO_MT_PWGTM(1.0),29/04/22 23:00:00,M,B4110,SL,THS_T,IT,2007-04,4.19,
ESTAT:APRO_MT_PWGTM(1.0),29/04/22 23:00:00,M,B4110,SL,THS_T,IT,2007-05,1.56,
ESTAT:APRO_MT_PWGTM(1.0),29/04/22 23:00:00,M,B4110,SL,THS_T,IT,2007-06,1.10,
ESTAT:APRO_MT_PWGTM(1.0),29/04/22 23:00:00,M,B4110,SL,THS_T,IT,2007-07,1.02,
ESTAT:APRO_MT_PWGTM(1.0),29/04/22 23:00:00,M,B4110,SL,THS_T,IT,2007-08,1.17,
ESTAT:APRO_MT_PWGTM(1.0),29/04/22 23:00:00,M,B4110,SL,THS_T,IT,2007-09,1.21,
ESTAT:APRO_MT_PWGTM(1.0),29/04/22 23:00:00,M,B4110,SL,THS_T,IT,2007-10,2.64,
ESTAT:APRO_MT_PWGTM(1.0),29/04/22 23:00:00,M,B4110,SL,THS_T,IT,2007-11,3.46,
ESTAT:APRO_MT_PWGTM(1.0),29/04/22 23:00:00,M,B4110,SL,THS_T,IT,2007-12,11.76,
ESTAT:APRO_MT_PWGTM(1.0),29/04/22 23:00:00,M,B4110,SL,THS_T,IT,2008-01,2.87,
ESTAT:APRO_MT_PWGTM(1.0),29/04/22 23:00:00,M,B4110,SL,THS_T,IT,2008-02,2.82,
ESTAT:APRO_MT_PWGTM(1.0),29/04/22 23:00:00,M,B4110,SL,THS_T,IT,2008-03,5.17,
ESTAT:APRO_MT_PWGTM(1.0),29/04/22 23:00:00,M,B4110,SL,THS_T,IT,2008-04,1.52,
ESTAT:APRO_MT_PWGTM(1.0),29/04/22 23:00:00,M,B4110,SL,THS_T,IT,2008-05,1.67,
ESTAT:APRO_MT_PWGTM(1.0),29/04/22 23:00:00,M,B4110,SL,THS_T,IT,2008-06,1.31,
ESTAT:APRO_MT_PWGTM(1.0),29/04/22 23:00:00,M,B4110,SL,THS_T,IT,2008-07,1.06,
ESTAT:APRO_MT_PWGTM(1.0),29/04/22 23:00:00,M,B4110,SL,THS_T,IT,2008-08,1.22,
ESTAT:APRO_MT_PWGTM(1.0),29/04/22 23:00:00,M,B4110,SL,THS_T,IT,2008-09,1.26,
ESTAT:APRO_MT_PWGTM(1.0),29/04/22 23:00:00,M,B4110,SL,THS_T,IT,2008-10,2.29,
ESTAT:APRO_MT_PWGTM(1.0),29/04/22 23:00:00,M,B4110,SL,THS_T,IT,2008-11,3.30,
ESTAT:APRO_MT_PWGTM(1.0),29/04/22 23:00:00,M,B4110,SL,THS_T,IT,2008-12,12.40,
ESTAT:APRO_MT_PWGTM(1.0),29/04/22 23:00:00,M,B4110,SL,THS_T,IT,2009-01,1.50,
ESTAT:APRO_MT_PWGTM(1.0),29/04/22 23:00:00,M,B4110,SL,THS_T,IT,2009-02,1.35,
ESTAT:APRO_MT_PWGTM(1.0),29/04/22 23:00:00,M,B4110,SL,THS_T,IT,2009-03,4.85,
ESTAT:APRO_MT_PWGTM(1.0),29/04/22 23:00:00,M,B4110,SL,THS_T,IT,2009-04,4.42,
ESTAT:APRO_MT_PWGTM(1.0),29/04/22 23:00:00,M,B4110,SL,THS_T,IT,2009-05,0.96,
ESTAT:APRO_MT_PWGTM(1.0),29/04/22 23:00:00,M,B4110,SL,THS_T,IT,2009-06,0.80,
ESTAT:APRO_MT_PWGTM(1.0),29/04/22 23:00:00,M,B4110,SL,THS_T,IT,2009-07,0.67,
ESTAT:APRO_MT_PWGTM(1.0),29/04/22 23:00:00,M,B4110,SL,THS_T,IT,2009-08,1.10,
ESTAT:APRO_MT_PWGTM(1.0),29/04/22 23:00:00,M,B4110,SL,THS_T,IT,2009-09,0.93,
ESTAT:APRO_MT_PWGTM(1.0),29/04/22 23:00:00,M,B4110,SL,THS_T,IT,2009-10,1.35,
ESTAT:APRO_MT_PWGTM(1.0),29/04/22 23:00:00,M,B4110,SL,THS_T,IT,2009-11,1.79,
ESTAT:APRO_MT_PWGTM(1.0),29/04/22 23:00:00,M,B4110,SL,THS_T,IT,2009-12,5.56,
ESTAT:APRO_MT_PWGTM(1.0),29/04/22 23:00:00,M,B4110,SL,THS_T,IT,2010-01,1.35,
ESTAT:APRO_MT_PWGTM(1.0),29/04/22 23:00:00,M,B4110,SL,THS_T,IT,2010-02,1.34,
ESTAT:APRO_MT_PWGTM(1.0),29/04/22 23:00:00,M,B4110,SL,THS_T,IT,2010-03,5.24,
ESTAT:APRO_MT_PWGTM(1.0),29/04/22 23:00:00,M,B4110,SL,THS_T,IT,2010-04,2.44,
ESTAT:APRO_MT_PWGTM(1.0),29/04/22 23:00:00,M,B4110,SL,THS_T,IT,2010-05,1.04,
ESTAT:APRO_MT_PWGTM(1.0),29/04/22 23:00:00,M,B4110,SL,THS_T,IT,2010-06,0.69,
ESTAT:APRO_MT_PWGTM(1.0),29/04/22 23:00:00,M,B4110,SL,THS_T,IT,2010-07,0.64,
ESTAT:APRO_MT_PWGTM(1.0),29/04/22 23:00:00,M,B4110,SL,THS_T,IT,2010-08,1.09,
ESTAT:APRO_MT_PWGTM(1.0),29/04/22 23:00:00,M,B4110,SL,THS_T,IT,2010-09,0.93,
ESTAT:APRO_MT_PWGTM(1.0),29/04/22 23:00:00,M,B4110,SL,THS_T,IT,2010-10,1.41,
ESTAT:APRO_MT_PWGTM(1.0),29/04/22 23:00:00,M,B4110,SL,THS_T,IT,2010-11,1.93,
ESTAT:APRO_MT_PWGTM(1.0),29/04/22 23:00:00,M,B4110,SL,THS_T,IT,2010-12,5.31,
ESTAT:APRO_MT_PWGTM(1.0),29/04/22 23:00:00,M,B4110,SL,THS_T,IT,2011-01,1.69,
ESTAT:APRO_MT_PWGTM(1.0),29/04/22 23:00:00,M,B4110,SL,THS_T,IT,2011-02,1.33,
ESTAT:APRO_MT_PWGTM(1.0),29/04/22 23:00:00,M,B4110,SL,THS_T,IT,2011-03,1.75,
ESTAT:APRO_MT_PWGTM(1.0),29/04/22 23:00:00,M,B4110,SL,THS_T,IT,2011-04,4.52,
ESTAT:APRO_MT_PWGTM(1.0),29/04/22 23:00:00,M,B4110,SL,THS_T,IT,2011-05,1.04,
ESTAT:APRO_MT_PWGTM(1.0),29/04/22 23:00:00,M,B4110,SL,THS_T,IT,2011-06,0.53,
ESTAT:APRO_MT_PWGTM(1.0),29/04/22 23:00:00,M,B4110,SL,THS_T,IT,2011-07,0.67,
ESTAT:APRO_MT_PWGTM(1.0),29/04/22 23:00:00,M,B4110,SL,THS_T,IT,2011-08,0.97,
ESTAT:APRO_MT_PWGTM(1.0),29/04/22 23:00:00,M,B4110,SL,THS_T,IT,2011-09,0.91,
ESTAT:APRO_MT_PWGTM(1.0),29/04/22 23:00:00,M,B4110,SL,THS_T,IT,2011-10,1.27,
ESTAT:APRO_MT_PWGTM(1.0),29/04/22 23:00:00,M,B4110,SL,THS_T,IT,2011-11,1.41,
ESTAT:APRO_MT_PWGTM(1.0),29/04/22 23:00:00,M,B4110,SL,THS_T,IT,2011-12,4.88,
ESTAT:APRO_MT_PWGTM(1.0),29/04/22 23:00:00,M,B4110,SL,THS_T,IT,2012-01,1.38,
ESTAT:APRO_MT_PWGTM(1.0),29/04/22 23:00:00,M,B4110,SL,THS_T,IT,2012-02,1.21,
ESTAT:APRO_MT_PWGTM(1.0),29/04/22 23:00:00,M,B4110,SL,THS_T,IT,2012-03,3.02,
ESTAT:APRO_MT_PWGTM(1.0),29/04/22 23:00:00,M,B4110,SL,THS_T,IT,2012-04,3.14,
ESTAT:APRO_MT_PWGTM(1.0),29/04/22 23:00:00,M,B4110,SL,THS_T,IT,2012-05,0.76,
ESTAT:APRO_MT_PWGTM(1.0),29/04/22 23:00:00,M,B4110,SL,THS_T,IT,2012-06,0.56,
ESTAT:APRO_MT_PWGTM(1.0),29/04/22 23:00:00,M,B4110,SL,THS_T,IT,2012-07,0.67,
ESTAT:APRO_MT_PWGTM(1.0),29/04/22 23:00:00,M,B4110,SL,THS_T,IT,2012-08,0.93,
ESTAT:APRO_MT_PWGTM(1.0),29/04/22 23:00:00,M,B4110,SL,THS_T,IT,2012-09,0.91,
ESTAT:APRO_MT_PWGTM(1.0),29/04/22 23:00:00,M,B4110,SL,THS_T,IT,2012-10,1.34,
ESTAT:APRO_MT_PWGTM(1.0),29/04/22 23:00:00,M,B4110,SL,THS_T,IT,2012-11,1.41,
ESTAT:APRO_MT_PWGTM(1.0),29/04/22 23:00:00,M,B4110,SL,THS_T,IT,2012-12,4.94,
ESTAT:APRO_MT_PWGTM(1.0),29/04/22 23:00:00,M,B4110,SL,THS_T,IT,2013-01,2.31,
ESTAT:APRO_MT_PWGTM(1.0),29/04/22 23:00:00,M,B4110,SL,THS_T,IT,2013-02,1.31,
ESTAT:APRO_MT_PWGTM(1.0),29/04/22 23:00:00,M,B4110,SL,THS_T,IT,2013-03,4.92,
ESTAT:APRO_MT_PWGTM(1.0),29/04/22 23:00:00,M,B4110,SL,THS_T,IT,2013-04,1.41,
ESTAT:APRO_MT_PWGTM(1.0),29/04/22 23:00:00,M,B4110,SL,THS_T,IT,2013-05,1.24,
ESTAT:APRO_MT_PWGTM(1.0),29/04/22 23:00:00,M,B4110,SL,THS_T,IT,2013-06,1.15,
ESTAT:APRO_MT_PWGTM(1.0),29/04/22 23:00:00,M,B4110,SL,THS_T,IT,2013-07,1.31,
ESTAT:APRO_MT_PWGTM(1.0),29/04/22 23:00:00,M,B4110,SL,THS_T,IT,2013-08,1.23,
ESTAT:APRO_MT_PWGTM(1.0),29/04/22 23:00:00,M,B4110,SL,THS_T,IT,2013-09,0.66,
ESTAT:APRO_MT_PWGTM(1.0),29/04/22 23:00:00,M,B4110,SL,THS_T,IT,2013-10,1.72,
ESTAT:APRO_MT_PWGTM(1.0),29/04/22 23:00:00,M,B4110,SL,THS_T,IT,2013-11,1.08,
ESTAT:APRO_MT_PWGTM(1.0),29/04/22 23:00:00,M,B4110,SL,THS_T,IT,2013-12,2.72,
ESTAT:APRO_MT_PWGTM(1.0),29/04/22 23:00:00,M,B4110,SL,THS_T,IT,2014-01,1.30,
ESTAT:APRO_MT_PWGTM(1.0),29/04/22 23:00:00,M,B4110,SL,THS_T,IT,2014-02,0.76,
ESTAT:APRO_MT_PWGTM(1.0),29/04/22 23:00:00,M,B4110,SL,THS_T,IT,2014-03,0.87,
ESTAT:APRO_MT_PWGTM(1.0),29/04/22 23:00:00,M,B4110,SL,THS_T,IT,2014-04,2.43,
ESTAT:APRO_MT_PWGTM(1.0),29/04/22 23:00:00,M,B4110,SL,THS_T,IT,2014-05,1.21,
ESTAT:APRO_MT_PWGTM(1.0),29/04/22 23:00:00,M,B4110,SL,THS_T,IT,2014-06,1.05,
ESTAT:APRO_MT_PWGTM(1.0),29/04/22 23:00:00,M,B4110,SL,THS_T,IT,2014-07,0.90,
ESTAT:APRO_MT_PWGTM(1.0),29/04/22 23:00:00,M,B4110,SL,THS_T,IT,2014-08,0.98,
ESTAT:APRO_MT_PWGTM(1.0),29/04/22 23:00:00,M,B4110,SL,THS_T,IT,2014-09,0.86,
ESTAT:APRO_MT_PWGTM(1.0),29/04/22 23:00:00,M,B4110,SL,THS_T,IT,2014-10,0.83,
ESTAT:APRO_MT_PWGTM(1.0),29/04/22 23:00:00,M,B4110,SL,THS_T,IT,2014-11,0.73,
ESTAT:APRO_MT_PWGTM(1.0),29/04/22 23:00:00,M,B4110,SL,THS_T,IT,2014-12,2.83,
ESTAT:APRO_MT_PWGTM(1.0),29/04/22 23:00:00,M,B4110,SL,THS_T,IT,2015-01,1.35,
ESTAT:APRO_MT_PWGTM(1.0),29/04/22 23:00:00,M,B4110,SL,THS_T,IT,2015-02,1.05,
ESTAT:APRO_MT_PWGTM(1.0),29/04/22 23:00:00,M,B4110,SL,THS_T,IT,2015-03,2.92,
ESTAT:APRO_MT_PWGTM(1.0),29/04/22 23:00:00,M,B4110,SL,THS_T,IT,2015-04,1.66,
ESTAT:APRO_MT_PWGTM(1.0),29/04/22 23:00:00,M,B4110,SL,THS_T,IT,2015-05,1.08,
ESTAT:APRO_MT_PWGTM(1.0),29/04/22 23:00:00,M,B4110,SL,THS_T,IT,2015-06,1.18,
ESTAT:APRO_MT_PWGTM(1.0),29/04/22 23:00:00,M,B4110,SL,THS_T,IT,2015-07,1.25,
ESTAT:APRO_MT_PWGTM(1.0),29/04/22 23:00:00,M,B4110,SL,THS_T,IT,2015-08,1.00,
ESTAT:APRO_MT_PWGTM(1.0),29/04/22 23:00:00,M,B4110,SL,THS_T,IT,2015-09,0.93,
ESTAT:APRO_MT_PWGTM(1.0),29/04/22 23:00:00,M,B4110,SL,THS_T,IT,2015-10,0.95,
ESTAT:APRO_MT_PWGTM(1.0),29/04/22 23:00:00,M,B4110,SL,THS_T,IT,2015-11,0.96,
ESTAT:APRO_MT_PWGTM(1.0),29/04/22 23:00:00,M,B4110,SL,THS_T,IT,2015-12,4.41,
ESTAT:APRO_MT_PWGTM(1.0),29/04/22 23:00:00,M,B4110,SL,THS_T,IT,2016-01,1.35,
ESTAT:APRO_MT_PWGTM(1.0),29/04/22 23:00:00,M,B4110,SL,THS_T,IT,2016-02,0.92,
ESTAT:APRO_MT_PWGTM(1.0),29/04/22 23:00:00,M,B4110,SL,THS_T,IT,2016-03,3.19,
ESTAT:APRO_MT_PWGTM(1.0),29/04/22 23:00:00,M,B4110,SL,THS_T,IT,2016-04,1.34,
ESTAT:APRO_MT_PWGTM(1.0),29/04/22 23:00:00,M,B4110,SL,THS_T,IT,2016-05,1.22,
ESTAT:APRO_MT_PWGTM(1.0),29/04/22 23:00:00,M,B4110,SL,THS_T,IT,2016-06,0.85,
ESTAT:APRO_MT_PWGTM(1.0),29/04/22 23:00:00,M,B4110,SL,THS_T,IT,2016-07,0.74,
ESTAT:APRO_MT_PWGTM(1.0),29/04/22 23:00:00,M,B4110,SL,THS_T,IT,2016-08,1.07,
ESTAT:APRO_MT_PWGTM(1.0),29/04/22 23:00:00,M,B4110,SL,THS_T,IT,2016-09,0.92,
ESTAT:APRO_MT_PWGTM(1.0),29/04/22 23:00:00,M,B4110,SL,THS_T,IT,2016-10,1.03,
ESTAT:APRO_MT_PWGTM(1.0),29/04/22 23:00:00,M,B4110,SL,THS_T,IT,2016-11,1.23,
ESTAT:APRO_MT_PWGTM(1.0),29/04/22 23:00:00,M,B4110,SL,THS_T,IT,2016-12,4.78,
ESTAT:APRO_MT_PWGTM(1.0),29/04/22 23:00:00,M,B4110,SL,THS_T,IT,2017-01,1.36,
ESTAT:APRO_MT_PWGTM(1.0),29/04/22 23:00:00,M,B4110,SL,THS_T,IT,2017-02,0.95,
ESTAT:APRO_MT_PWGTM(1.0),29/04/22 23:00:00,M,B4110,SL,THS_T,IT,2017-03,1.70,
ESTAT:APRO_MT_PWGTM(1.0),29/04/22 23:00:00,M,B4110,SL,THS_T,IT,2017-04,2.88,
ESTAT:APRO_MT_PWGTM(1.0),29/04/22 23:00:00,M,B4110,SL,THS_T,IT,2017-05,1.32,
ESTAT:APRO_MT_PWGTM(1.0),29/04/22 23:00:00,M,B4110,SL,THS_T,IT,2017-06,0.95,
ESTAT:APRO_MT_PWGTM(1.0),29/04/22 23:00:00,M,B4110,SL,THS_T,IT,2017-07,0.80,
ESTAT:APRO_MT_PWGTM(1.0),29/04/22 23:00:00,M,B4110,SL,THS_T,IT,2017-08,1.32,
ESTAT:APRO_MT_PWGTM(1.0),29/04/22 23:00:00,M,B4110,SL,THS_T,IT,2017-09,1.18,
ESTAT:APRO_MT_PWGTM(1.0),29/04/22 23:00:00,M,B4110,SL,THS_T,IT,2017-10,1.20,
ESTAT:APRO_MT_PWGTM(1.0),29/04/22 23:00:00,M,B4110,SL,THS_T,IT,2017-11,1.24,
ESTAT:APRO_MT_PWGTM(1.0),29/04/22 23:00:00,M,B4110,SL,THS_T,IT,2017-12,5.69,
ESTAT:APRO_MT_PWGTM(1.0),29/04/22 23:00:00,M,B4110,SL,THS_T,IT,2018-01,1.65,
ESTAT:APRO_MT_PWGTM(1.0),29/04/22 23:00:00,M,B4110,SL,THS_T,IT,2018-02,1.06,
ESTAT:APRO_MT_PWGTM(1.0),29/04/22 23:00:00,M,B4110,SL,THS_T,IT,2018-03,2.94,
ESTAT:APRO_MT_PWGTM(1.0),29/04/22 23:00:00,M,B4110,SL,THS_T,IT,2018-04,1.39,
ESTAT:APRO_MT_PWGTM(1.0),29/04/22 23:00:00,M,B4110,SL,THS_T,IT,2018-05,1.36,
ESTAT:APRO_MT_PWGTM(1.0),29/04/22 23:00:00,M,B4110,SL,THS_T,IT,2018-06,1.37,
ESTAT:APRO_MT_PWGTM(1.0),29/04/22 23:00:00,M,B4110,SL,THS_T,IT,2018-07,1.11,
ESTAT:APRO_MT_PWGTM(1.0),29/04/22 23:00:00,M,B4110,SL,THS_T,IT,2018-08,1.24,
ESTAT:APRO_MT_PWGTM(1.0),29/04/22 23:00:00,M,B4110,SL,THS_T,IT,2018-09,1.16,
ESTAT:APRO_MT_PWGTM(1.0),29/04/22 23:00:00,M,B4110,SL,THS_T,IT,2018-10,1.58,
ESTAT:APRO_MT_PWGTM(1.0),29/04/22 23:00:00,M,B4110,SL,THS_T,IT,2018-11,1.12,
ESTAT:APRO_MT_PWGTM(1.0),29/04/22 23:00:00,M,B4110,SL,THS_T,IT,2018-12,5.08,
ESTAT:APRO_MT_PWGTM(1.0),29/04/22 23:00:00,M,B4110,SL,THS_T,IT,2019-01,1.67,
ESTAT:APRO_MT_PWGTM(1.0),29/04/22 23:00:00,M,B4110,SL,THS_T,IT,2019-02,0.93,
ESTAT:APRO_MT_PWGTM(1.0),29/04/22 23:00:00,M,B4110,SL,THS_T,IT,2019-03,1.21,
ESTAT:APRO_MT_PWGTM(1.0),29/04/22 23:00:00,M,B4110,SL,THS_T,IT,2019-04,3.06,
ESTAT:APRO_MT_PWGTM(1.0),29/04/22 23:00:00,M,B4110,SL,THS_T,IT,2019-05,1.06,
ESTAT:APRO_MT_PWGTM(1.0),29/04/22 23:00:00,M,B4110,SL,THS_T,IT,2019-06,1.33,
ESTAT:APRO_MT_PWGTM(1.0),29/04/22 23:00:00,M,B4110,SL,THS_T,IT,2019-07,1.10,
ESTAT:APRO_MT_PWGTM(1.0),29/04/22 23:00:00,M,B4110,SL,THS_T,IT,2019-08,1.30,
ESTAT:APRO_MT_PWGTM(1.0),29/04/22 23:00:00,M,B4110,SL,THS_T,IT,2019-09,1.17,
ESTAT:APRO_MT_PWGTM(1.0),29/04/22 23:00:00,M,B4110,SL,THS_T,IT,2019-10,1.70,
ESTAT:APRO_MT_PWGTM(1.0),29/04/22 23:00:00,M,B4110,SL,THS_T,IT,2019-11,1.23,
ESTAT:APRO_MT_PWGTM(1.0),29/04/22 23:00:00,M,B4110,SL,THS_T,IT,2019-12,4.63,
ESTAT:APRO_MT_PWGTM(1.0),29/04/22 23:00:00,M,B4110,SL,THS_T,IT,2020-01,1.32,
ESTAT:APRO_MT_PWGTM(1.0),29/04/22 23:00:00,M,B4110,SL,THS_T,IT,2020-02,0.96,
ESTAT:APRO_MT_PWGTM(1.0),29/04/22 23:00:00,M,B4110,SL,THS_T,IT,2020-03,1.27,
ESTAT:APRO_MT_PWGTM(1.0),29/04/22 23:00:00,M,B4110,SL,THS_T,IT,2020-04,2.51,
ESTAT:APRO_MT_PWGTM(1.0),29/04/22 23:00:00,M,B4110,SL,THS_T,IT,2020-05,1.12,
ESTAT:APRO_MT_PWGTM(1.0),29/04/22 23:00:00,M,B4110,SL,THS_T,IT,2020-06,0.75,
ESTAT:APRO_MT_PWGTM(1.0),29/04/22 23:00:00,M,B4110,SL,THS_T,IT,2020-07,0.78,
ESTAT:APRO_MT_PWGTM(1.0),29/04/22 23:00:00,M,B4110,SL,THS_T,IT,2020-08,1.03,
ESTAT:APRO_MT_PWGTM(1.0),29/04/22 23:00:00,M,B4110,SL,THS_T,IT,2020-09,0.90,
ESTAT:APRO_MT_PWGTM(1.0),29/04/22 23:00:00,M,B4110,SL,THS_T,IT,2020-10,1.53,
ESTAT:APRO_MT_PWGTM(1.0),29/04/22 23:00:00,M,B4110,SL,THS_T,IT,2020-11,1.41,
ESTAT:APRO_MT_PWGTM(1.0),29/04/22 23:00:00,M,B4110,SL,THS_T,IT,2020-12,4.24,
ESTAT:APRO_MT_PWGTM(1.0),29/04/22 23:00:00,M,B4110,SL,THS_T,IT,2021-01,1.41,
ESTAT:APRO_MT_PWGTM(1.0),29/04/22 23:00:00,M,B4110,SL,THS_T,IT,2021-02,0.93,
ESTAT:APRO_MT_PWGTM(1.0),29/04/22 23:00:00,M,B4110,SL,THS_T,IT,2021-03,2.88,
ESTAT:APRO_MT_PWGTM(1.0),29/04/22 23:00:00,M,B4110,SL,THS_T,IT,2021-04,0.90,
ESTAT:APRO_MT_PWGTM(1.0),29/04/22 23:00:00,M,B4110,SL,THS_T,IT,2021-05,1.07,
ESTAT:APRO_MT_PWGTM(1.0),29/04/22 23:00:00,M,B4110,SL,THS_T,IT,2021-06,0.82,
ESTAT:APRO_MT_PWGTM(1.0),29/04/22 23:00:00,M,B4110,SL,THS_T,IT,2021-07,1.05,
ESTAT:APRO_MT_PWGTM(1.0),29/04/22 23:00:00,M,B4110,SL,THS_T,IT,2021-08,0.88,
ESTAT:APRO_MT_PWGTM(1.0),29/04/22 23:00:00,M,B4110,SL,THS_T,IT,2021-09,0.87,
ESTAT:APRO_MT_PWGTM(1.0),29/04/22 23:00:00,M,B4110,SL,THS_T,IT,2021-10,1.55,
ESTAT:APRO_MT_PWGTM(1.0),29/04/22 23:00:00,M,B4110,SL,THS_T,IT,2021-11,1.43,
ESTAT:APRO_MT_PWGTM(1.0),29/04/22 23:00:00,M,B4110,SL,THS_T,IT,2021-12,3.99,
ESTAT:APRO_MT_PWGTM(1.0),29/04/22 23:00:00,M,B4110,SL,THS_T,IT,2022-01,1.55,
ESTAT:APRO_MT_PWGTM(1.0),29/04/22 23:00:00,M,B4110,SL,THS_T,IT,2022-02,1.01,
ESTAT:APRO_MT_PWGTM(1.0),29/04/22 23:00:00,M,B7100,SL,THS_T,IE,2004-01,9.01,
ESTAT:APRO_MT_PWGTM(1.0),29/04/22 23:00:00,M,B7100,SL,THS_T,IE,2004-02,8.17,
ESTAT:APRO_MT_PWGTM(1.0),29/04/22 23:00:00,M,B7100,SL,THS_T,IE,2004-03,9.48,
ESTAT:APRO_MT_PWGTM(1.0),29/04/22 23:00:00,M,B7100,SL,THS_T,IE,2004-04,8.14,
ESTAT:APRO_MT_PWGTM(1.0),29/04/22 23:00:00,M,B7100,SL,THS_T,IE,2004-05,7.82,
ESTAT:APRO_MT_PWGTM(1.0),29/04/22 23:00:00,M,B7100,SL,THS_T,IE,2004-06,9.76,
ESTAT:APRO_MT_PWGTM(1.0),29/04/22 23:00:00,M,B7100,SL,THS_T,IE,2004-07,7.73,
ESTAT:APRO_MT_PWGTM(1.0),29/04/22 23:00:00,M,B7100,SL,THS_T,IE,2004-08,7.64,
ESTAT:APRO_MT_PWGTM(1.0),29/04/22 23:00:00,M,B7100,SL,THS_T,IE,2004-09,9.99,
ESTAT:APRO_MT_PWGTM(1.0),29/04/22 23:00:00,M,B7100,SL,THS_T,IE,2004-10,7.72,
ESTAT:APRO_MT_PWGTM(1.0),29/04/22 23:00:00,M,B7100,SL,THS_T,IE,2004-11,7.70,
ESTAT:APRO_MT_PWGTM(1.0),29/04/22 23:00:00,M,B7100,SL,THS_T,IE,2004-12,8.23,
ESTAT:APRO_MT_PWGTM(1.0),29/04/22 23:00:00,M,B7100,SL,THS_T,IE,2005-01,8.72,
ESTAT:APRO_MT_PWGTM(1.0),29/04/22 23:00:00,M,B7100,SL,THS_T,IE,2005-02,7.73,
ESTAT:APRO_MT_PWGTM(1.0),29/04/22 23:00:00,M,B7100,SL,THS_T,IE,2005-03,9.53,
ESTAT:APRO_MT_PWGTM(1.0),29/04/22 23:00:00,M,B7100,SL,THS_T,IE,2005-04,7.99,
ESTAT:APRO_MT_PWGTM(1.0),29/04/22 23:00:00,M,B7100,SL,THS_T,IE,2005-05,7.34,
ESTAT:APRO_MT_PWGTM(1.0),29/04/22 23:00:00,M,B7100,SL,THS_T,IE,2005-06,9.36,
ESTAT:APRO_MT_PWGTM(1.0),29/04/22 23:00:00,M,B7100,SL,THS_T,IE,2005-07,7.84,
ESTAT:APRO_MT_PWGTM(1.0),29/04/22 23:00:00,M,B7100,SL,THS_T,IE,2005-08,9.36,
ESTAT:APRO_MT_PWGTM(1.0),29/04/22 23:00:00,M,B7100,SL,THS_T,IE,2005-09,7.98,
ESTAT:APRO_MT_PWGTM(1.0),29/04/22 23:00:00,M,B7100,SL,THS_T,IE,2005-10,7.95,
ESTAT:APRO_MT_PWGTM(1.0),29/04/22 23:00:00,M,B7100,SL,THS_T,IE,2005-11,9.24,
ESTAT:APRO_MT_PWGTM(1.0),29/04/22 23:00:00,M,B7100,SL,THS_T,IE,2005-12,6.72,
ESTAT:APRO_MT_PWGTM(1.0),29/04/22 23:00:00,M,B7100,SL,THS_T,IE,2006-01,7.62,
ESTAT:APRO_MT_PWGTM(1.0),29/04/22 23:00:00,M,B7100,SL,THS_T,IE,2006-02,7.64,
ESTAT:APRO_MT_PWGTM(1.0),29/04/22 23:00:00,M,B7100,SL,THS_T,IE,2006-03,9.45,
ESTAT:APRO_MT_PWGTM(1.0),29/04/22 23:00:00,M,B7100,SL,THS_T,IE,2006-04,7.67,
ESTAT:APRO_MT_PWGTM(1.0),29/04/22 23:00:00,M,B7100,SL,THS_T,IE,2006-05,9.39,
ESTAT:APRO_MT_PWGTM(1.0),29/04/22 23:00:00,M,B7100,SL,THS_T,IE,2006-06,7.15,
ESTAT:APRO_MT_PWGTM(1.0),29/04/22 23:00:00,M,B7100,SL,THS_T,IE,2006-07,7.29,
ESTAT:APRO_MT_PWGTM(1.0),29/04/22 23:00:00,M,B7100,SL,THS_T,IE,2006-08,8.84,
ESTAT:APRO_MT_PWGTM(1.0),29/04/22 23:00:00,M,B7100,SL,THS_T,IE,2006-09,7.57,
ESTAT:APRO_MT_PWGTM(1.0),29/04/22 23:00:00,M,B7100,SL,THS_T,IE,2006-10,8.14,
ESTAT:APRO_MT_PWGTM(1.0),29/04/22 23:00:00,M,B7100,SL,THS_T,IE,2006-11,8.72,
ESTAT:APRO_MT_PWGTM(1.0),29/04/22 23:00:00,M,B7100,SL,THS_T,IE,2006-12,6.26,
ESTAT:APRO_MT_PWGTM(1.0),29/04/22 23:00:00,M,B7100,SL,THS_T,IE,2007-01,6.82,
ESTAT:APRO_MT_PWGTM(1.0),29/04/22 23:00:00,M,B7100,SL,THS_T,IE,2007-02,6.82,
ESTAT:APRO_MT_PWGTM(1.0),29/04/22 23:00:00,M,B7100,SL,THS_T,IE,2007-03,8.49,
ESTAT:APRO_MT_PWGTM(1.0),29/04/22 23:00:00,M,B7100,SL,THS_T,IE,2007-04,7.13,
ESTAT:APRO_MT_PWGTM(1.0),29/04/22 23:00:00,M,B7100,SL,THS_T,IE,2007-05,9.21,
ESTAT:APRO_MT_PWGTM(1.0),29/04/22 23:00:00,M,B7100,SL,THS_T,IE,2007-06,7.04,
ESTAT:APRO_MT_PWGTM(1.0),29/04/22 23:00:00,M,B7100,SL,THS_T,IE,2007-07,7.50,
ESTAT:APRO_MT_PWGTM(1.0),29/04/22 23:00:00,M,B7100,SL,THS_T,IE,2007-08,9.34,
ESTAT:APRO_MT_PWGTM(1.0),29/04/22 23:00:00,M,B7100,SL,THS_T,IE,2007-09,7.74,
ESTAT:APRO_MT_PWGTM(1.0),29/04/22 23:00:00,M,B7100,SL,THS_T,IE,2007-10,7.65,
ESTAT:APRO_MT_PWGTM(1.0),29/04/22 23:00:00,M,B7100,SL,THS_T,IE,2007-11,9.33,
ESTAT:APRO_MT_PWGTM(1.0),29/04/22 23:00:00,M,B7100,SL,THS_T,IE,2007-12,6.82,
ESTAT:APRO_MT_PWGTM(1.0),29/04/22 23:00:00,M,B7100,SL,THS_T,IE,2008-01,7.30,
ESTAT:APRO_MT_PWGTM(1.0),29/04/22 23:00:00,M,B7100,SL,THS_T,IE,2008-02,7.42,
ESTAT:APRO_MT_PWGTM(1.0),29/04/22 23:00:00,M,B7100,SL,THS_T,IE,2008-03,8.94,
ESTAT:APRO_MT_PWGTM(1.0),29/04/22 23:00:00,M,B7100,SL,THS_T,IE,2008-04,7.51,
ESTAT:APRO_MT_PWGTM(1.0),29/04/22 23:00:00,M,B7100,SL,THS_T,IE,2008-05,9.61,
ESTAT:APRO_MT_PWGTM(1.0),29/04/22 23:00:00,M,B7100,SL,THS_T,IE,2008-06,7.41,
ESTAT:APRO_MT_PWGTM(1.0),29/04/22 23:00:00,M,B7100,SL,THS_T,IE,2008-07,7.81,
ESTAT:APRO_MT_PWGTM(1.0),29/04/22 23:00:00,M,B7100,SL,THS_T,IE,2008-08,9.36,
ESTAT:APRO_MT_PWGTM(1.0),29/04/22 23:00:00,M,B7100,SL,THS_T,IE,2008-09,7.47,
ESTAT:APRO_MT_PWGTM(1.0),29/04/22 23:00:00,M,B7100,SL,THS_T,IE,2008-10,7.69,
ESTAT:APRO_MT_PWGTM(1.0),29/04/22 23:00:00,M,B7100,SL,THS_T,IE,2008-11,8.79,
ESTAT:APRO_MT_PWGTM(1.0),29/04/22 23:00:00,M,B7100,SL,THS_T,IE,2008-12,6.40,
ESTAT:APRO_MT_PWGTM(1.0),29/04/22 23:00:00,M,B7100,SL,THS_T,IE,2009-01,7.17,
ESTAT:APRO_MT_PWGTM(1.0),29/04/22 23:00:00,M,B7100,SL,THS_T,IE,2009-02,7.32,
ESTAT:APRO_MT_PWGTM(1.0),29/04/22 23:00:00,M,B7100,SL,THS_T,IE,2009-03,9.11,
ESTAT:APRO_MT_PWGTM(1.0),29/04/22 23:00:00,M,B7100,SL,THS_T,IE,2009-04,7.54,
ESTAT:APRO_MT_PWGTM(1.0),29/04/22 23:00:00,M,B7100,SL,THS_T,IE,2009-05,9.45,
ESTAT:APRO_MT_PWGTM(1.0),29/04/22 23:00:00,M,B7100,SL,THS_T,IE,2009-06,7.56,
ESTAT:APRO_MT_PWGTM(1.0),29/04/22 23:00:00,M,B7100,SL,THS_T,IE,2009-07,7.72,
ESTAT:APRO_MT_PWGTM(1.0),29/04/22 23:00:00,M,B7100,SL,THS_T,IE,2009-08,9.73,
ESTAT:APRO_MT_PWGTM(1.0),29/04/22 23:00:00,M,B7100,SL,THS_T,IE,2009-09,7.97,
ESTAT:APRO_MT_PWGTM(1.0),29/04/22 23:00:00,M,B7100,SL,THS_T,IE,2009-10,8.15,
ESTAT:APRO_MT_PWGTM(1.0),29/04/22 23:00:00,M,B7100,SL,THS_T,IE,2009-11,9.45,
ESTAT:APRO_MT_PWGTM(1.0),29/04/22 23:00:00,M,B7100,SL,THS_T,IE,2009-12,7.14,
ESTAT:APRO_MT_PWGTM(1.0),29/04/22 23:00:00,M,B7100,SL,THS_T,IE,2010-01,10.12,
ESTAT:APRO_MT_PWGTM(1.0),29/04/22 23:00:00,M,B7100,SL,THS_T,IE,2010-02,8.05,
ESTAT:APRO_MT_PWGTM(1.0),29/04/22 23:00:00,M,B7100,SL,THS_T,IE,2010-03,8.05,
ESTAT:APRO_MT_PWGTM(1.0),29/04/22 23:00:00,M,B7100,SL,THS_T,IE,2010-04,8.18,
ESTAT:APRO_MT_PWGTM(1.0),29/04/22 23:00:00,M,B7100,SL,THS_T,IE,2010-05,9.65,
ESTAT:APRO_MT_PWGTM(1.0),29/04/22 23:00:00,M,B7100,SL,THS_T,IE,2010-06,7.61,
ESTAT:APRO_MT_PWGTM(1.0),29/04/22 23:00:00,M,B7100,SL,THS_T,IE,2010-07,8.35,
ESTAT:APRO_MT_PWGTM(1.0),29/04/22 23:00:00,M,B7100,SL,THS_T,IE,2010-08,10.59,
ESTAT:APRO_MT_PWGTM(1.0),29/04/22 23:00:00,M,B7100,SL,THS_T,IE,2010-09,8.96,
ESTAT:APRO_MT_PWGTM(1.0),29/04/22 23:00:00,M,B7100,SL,THS_T,IE,2010-10,10.88,
ESTAT:APRO_MT_PWGTM(1.0),29/04/22 23:00:00,M,B7100,SL,THS_T,IE,2010-11,8.33,
ESTAT:APRO_MT_PWGTM(1.0),29/04/22 23:00:00,M,B7100,SL,THS_T,IE,2010-12,9.78,
ESTAT:APRO_MT_PWGTM(1.0),29/04/22 23:00:00,M,B7100,SL,THS_T,IE,2011-01,8.87,
ESTAT:APRO_MT_PWGTM(1.0),29/04/22 23:00:00,M,B7100,SL,THS_T,IE,2011-02,8.44,
ESTAT:APRO_MT_PWGTM(1.0),29/04/22 23:00:00,M,B7100,SL,THS_T,IE,2011-03,10.59,
ESTAT:APRO_MT_PWGTM(1.0),29/04/22 23:00:00,M,B7100,SL,THS_T,IE,2011-04,8.68,
ESTAT:APRO_MT_PWGTM(1.0),29/04/22 23:00:00,M,B7100,SL,THS_T,IE,2011-05,6.70,
ESTAT:APRO_MT_PWGTM(1.0),29/04/22 23:00:00,M,B7100,SL,THS_T,IE,2011-06,11.03,
ESTAT:APRO_MT_PWGTM(1.0),29/04/22 23:00:00,M,B7100,SL,THS_T,IE,2011-07,8.85,
ESTAT:APRO_MT_PWGTM(1.0),29/04/22 23:00:00,M,B7100,SL,THS_T,IE,2011-08,10.70,
ESTAT:APRO_MT_PWGTM(1.0),29/04/22 23:00:00,M,B7100,SL,THS_T,IE,2011-09,8.89,
ESTAT:APRO_MT_PWGTM(1.0),29/04/22 23:00:00,M,B7100,SL,THS_T,IE,2011-10,9.38,
ESTAT:APRO_MT_PWGTM(1.0),29/04/22 23:00:00,M,B7100,SL,THS_T,IE,2011-11,11.82,
ESTAT:APRO_MT_PWGTM(1.0),29/04/22 23:00:00,M,B7100,SL,THS_T,IE,2011-12,7.94,
ESTAT:APRO_MT_PWGTM(1.0),29/04/22 23:00:00,M,B7100,SL,THS_T,IE,2012-01,9.40,
ESTAT:APRO_MT_PWGTM(1.0),29/04/22 23:00:00,M,B7100,SL,THS_T,IE,2012-02,9.38,
ESTAT:APRO_MT_PWGTM(1.0),29/04/22 23:00:00,M,B7100,SL,THS_T,IE,2012-03,11.16,
ESTAT:APRO_MT_PWGTM(1.0),29/04/22 23:00:00,M,B7100,SL,THS_T,IE,2012-04,9.15,
ESTAT:APRO_MT_PWGTM(1.0),29/04/22 23:00:00,M,B7100,SL,THS_T,IE,2012-05,12.05,
ESTAT:APRO_MT_PWGTM(1.0),29/04/22 23:00:00,M,B7100,SL,THS_T,IE,2012-06,9.15,
ESTAT:APRO_MT_PWGTM(1.0),29/04/22 23:00:00,M,B7100,SL,THS_T,IE,2012-07,9.16,
ESTAT:APRO_MT_PWGTM(1.0),29/04/22 23:00:00,M,B7100,SL,THS_T,IE,2012-08,11.64,
ESTAT:APRO_MT_PWGTM(1.0),29/04/22 23:00:00,M,B7100,SL,THS_T,IE,2012-09,9.31,
ESTAT:APRO_MT_PWGTM(1.0),29/04/22 23:00:00,M,B7100,SL,THS_T,IE,2012-10,10.28,
ESTAT:APRO_MT_PWGTM(1.0),29/04/22 23:00:00,M,B7100,SL,THS_T,IE,2012-11,8.51,
ESTAT:APRO_MT_PWGTM(1.0),29/04/22 23:00:00,M,B7100,SL,THS_T,IE,2012-12,6.71,
ESTAT:APRO_MT_PWGTM(1.0),29/04/22 23:00:00,M,B7100,SL,THS_T,IE,2013-01,8.39,
ESTAT:APRO_MT_PWGTM(1.0),29/04/22 23:00:00,M,B7100,SL,THS_T,IE,2013-02,8.56,
ESTAT:APRO_MT_PWGTM(1.0),29/04/22 23:00:00,M,B7100,SL,THS_T,IE,2013-03,9.95,
ESTAT:APRO_MT_PWGTM(1.0),29/04/22 23:00:00,M,B7100,SL,THS_T,IE,2013-04,7.52,
ESTAT:APRO_MT_PWGTM(1.0),29/04/22 23:00:00,M,B7100,SL,THS_T,IE,2013-05,9.84,
ESTAT:APRO_MT_PWGTM(1.0),29/04/22 23:00:00,M,B7100,SL,THS_T,IE,2013-06,7.63,
ESTAT:APRO_MT_PWGTM(1.0),29/04/22 23:00:00,M,B7100,SL,THS_T,IE,2013-07,7.89,
ESTAT:APRO_MT_PWGTM(1.0),29/04/22 23:00:00,M,B7100,SL,THS_T,IE,2013-08,9.80,
ESTAT:APRO_MT_PWGTM(1.0),29/04/22 23:00:00,M,B7100,SL,THS_T,IE,2013-09,7.43,
ESTAT:APRO_MT_PWGTM(1.0),29/04/22 23:00:00,M,B7100,SL,THS_T,IE,2013-10,9.36,
ESTAT:APRO_MT_PWGTM(1.0),29/04/22 23:00:00,M,B7100,SL,THS_T,IE,2013-11,,c
ESTAT:APRO_MT_PWGTM(1.0),29/04/22 23:00:00,M,B7100,SL,THS_T,IE,2013-12,,c
ESTAT:APRO_MT_PWGTM(1.0),29/04/22 23:00:00,M,B7100,SL,THS_T,IE,2014-01,9.13,
ESTAT:APRO_MT_PWGTM(1.0),29/04/22 23:00:00,M,B7100,SL,THS_T,IE,2014-02,7.79,
ESTAT:APRO_MT_PWGTM(1.0),29/04/22 23:00:00,M,B7100,SL,THS_T,IE,2014-03,7.71,
ESTAT:APRO_MT_PWGTM(1.0),29/04/22 23:00:00,M,B7100,SL,THS_T,IE,2014-04,7.68,
ESTAT:APRO_MT_PWGTM(1.0),29/04/22 23:00:00,M,B7100,SL,THS_T,IE,2014-05,9.77,
ESTAT:APRO_MT_PWGTM(1.0),29/04/22 23:00:00,M,B7100,SL,THS_T,IE,2014-06,7.88,
ESTAT:APRO_MT_PWGTM(1.0),29/04/22 23:00:00,M,B7100,SL,THS_T,IE,2014-07,8.02,
ESTAT:APRO_MT_PWGTM(1.0),29/04/22 23:00:00,M,B7100,SL,THS_T,IE,2014-08,7.87,
ESTAT:APRO_MT_PWGTM(1.0),29/04/22 23:00:00,M,B7100,SL,THS_T,IE,2014-09,7.80,
ESTAT:APRO_MT_PWGTM(1.0),29/04/22 23:00:00,M,B7100,SL,THS_T,IE,2014-10,9.81,
ESTAT:APRO_MT_PWGTM(1.0),29/04/22 23:00:00,M,B7100,SL,THS_T,IE,2014-11,,c
ESTAT:APRO_MT_PWGTM(1.0),29/04/22 23:00:00,M,B7100,SL,THS_T,IE,2014-12,,c
ESTAT:APRO_MT_PWGTM(1.0),29/04/22 23:00:00,M,B7100,SL,THS_T,IE,2015-01,,c
ESTAT:APRO_MT_PWGTM(1.0),29/04/22 23:00:00,M,B7100,SL,THS_T,IE,2015-02,,c
ESTAT:APRO_MT_PWGTM(1.0),29/04/22 23:00:00,M,B7100,SL,THS_T,IE,2015-03,8.37,
ESTAT:APRO_MT_PWGTM(1.0),29/04/22 23:00:00,M,B7100,SL,THS_T,IE,2015-04,10.17,
ESTAT:APRO_MT_PWGTM(1.0),29/04/22 23:00:00,M,B7100,SL,THS_T,IE,2015-05,8.35,
ESTAT:APRO_MT_PWGTM(1.0),29/04/22 23:00:00,M,B7100,SL,THS_T,IE,2015-06,8.60,
ESTAT:APRO_MT_PWGTM(1.0),29/04/22 23:00:00,M,B7100,SL,THS_T,IE,2015-07,8.91,
ESTAT:APRO_MT_PWGTM(1.0),29/04/22 23:00:00,M,B7100,SL,THS_T,IE,2015-08,8.73,
ESTAT:APRO_MT_PWGTM(1.0),29/04/22 23:00:00,M,B7100,SL,THS_T,IE,2015-09,11.34,
ESTAT:APRO_MT_PWGTM(1.0),29/04/22 23:00:00,M,B7100,SL,THS_T,IE,2015-10,9.24,
ESTAT:APRO_MT_PWGTM(1.0),29/04/22 23:00:00,M,B7100,SL,THS_T,IE,2015-11,9.38,
ESTAT:APRO_MT_PWGTM(1.0),29/04/22 23:00:00,M,B7100,SL,THS_T,IE,2015-12,7.91,
ESTAT:APRO_MT_PWGTM(1.0),29/04/22 23:00:00,M,B7100,SL,THS_T,IE,2016-01,9.68,
ESTAT:APRO_MT_PWGTM(1.0),29/04/22 23:00:00,M,B7100,SL,THS_T,IE,2016-02,9.54,
ESTAT:APRO_MT_PWGTM(1.0),29/04/22 23:00:00,M,B7100,SL,THS_T,IE,2016-03,11.47,
ESTAT:APRO_MT_PWGTM(1.0),29/04/22 23:00:00,M,B7100,SL,THS_T,IE,2016-04,9.79,
ESTAT:APRO_MT_PWGTM(1.0),29/04/22 23:00:00,M,B7100,SL,THS_T,IE,2016-05,9.65,
ESTAT:APRO_MT_PWGTM(1.0),29/04/22 23:00:00,M,B7100,SL,THS_T,IE,2016-06,11.75,
ESTAT:APRO_MT_PWGTM(1.0),29/04/22 23:00:00,M,B7100,SL,THS_T,IE,2016-07,9.45,
ESTAT:APRO_MT_PWGTM(1.0),29/04/22 23:00:00,M,B7100,SL,THS_T,IE,2016-08,9.38,
ESTAT:APRO_MT_PWGTM(1.0),29/04/22 23:00:00,M,B7100,SL,THS_T,IE,2016-09,12.35,
ESTAT:APRO_MT_PWGTM(1.0),29/04/22 23:00:00,M,B7100,SL,THS_T,IE,2016-10,9.83,
ESTAT:APRO_MT_PWGTM(1.0),29/04/22 23:00:00,M,B7100,SL,THS_T,IE,2016-11,10.09,
ESTAT:APRO_MT_PWGTM(1.0),29/04/22 23:00:00,M,B7100,SL,THS_T,IE,2016-12,11.22,
ESTAT:APRO_MT_PWGTM(1.0),29/04/22 23:00:00,M,B7100,SL,THS_T,IE,2017-01,10.04,
ESTAT:APRO_MT_PWGTM(1.0),29/04/22 23:00:00,M,B7100,SL,THS_T,IE,2017-02,9.83,
ESTAT:APRO_MT_PWGTM(1.0),29/04/22 23:00:00,M,B7100,SL,THS_T,IE,2017-03,12.27,
ESTAT:APRO_MT_PWGTM(1.0),29/04/22 23:00:00,M,B7100,SL,THS_T,IE,2017-04,9.61,
ESTAT:APRO_MT_PWGTM(1.0),29/04/22 23:00:00,M,B7100,SL,THS_T,IE,2017-05,12.19,
ESTAT:APRO_MT_PWGTM(1.0),29/04/22 23:00:00,M,B7100,SL,THS_T,IE,2017-06,10.01,
ESTAT:APRO_MT_PWGTM(1.0),29/04/22 23:00:00,M,B7100,SL,THS_T,IE,2017-07,10.43,
ESTAT:APRO_MT_PWGTM(1.0),29/04/22 23:00:00,M,B7100,SL,THS_T,IE,2017-08,12.64,
ESTAT:APRO_MT_PWGTM(1.0),29/04/22 23:00:00,M,B7100,SL,THS_T,IE,2017-09,10.17,
ESTAT:APRO_MT_PWGTM(1.0),29/04/22 23:00:00,M,B7100,SL,THS_T,IE,2017-10,10.11,
ESTAT:APRO_MT_PWGTM(1.0),29/04/22 23:00:00,M,B7100,SL,THS_T,IE,2017-11,12.24,
ESTAT:APRO_MT_PWGTM(1.0),29/04/22 23:00:00,M,B7100,SL,THS_T,IE,2017-12,8.63,
ESTAT:APRO_MT_PWGTM(1.0),29/04/22 23:00:00,M,B7100,SL,THS_T,IE,2018-01,10.02,
ESTAT:APRO_MT_PWGTM(1.0),29/04/22 23:00:00,M,B7100,SL,THS_T,IE,2018-02,9.98,
ESTAT:APRO_MT_PWGTM(1.0),29/04/22 23:00:00,M,B7100,SL,THS_T,IE,2018-03,12.52,
ESTAT:APRO_MT_PWGTM(1.0),29/04/22 23:00:00,M,B7100,SL,THS_T,IE,2018-04,10.32,
ESTAT:APRO_MT_PWGTM(1.0),29/04/22 23:00:00,M,B7100,SL,THS_T,IE,2018-05,13.01,
ESTAT:APRO_MT_PWGTM(1.0),29/04/22 23:00:00,M,B7100,SL,THS_T,IE,2018-06,10.07,
ESTAT:APRO_MT_PWGTM(1.0),29/04/22 23:00:00,M,B7100,SL,THS_T,IE,2018-07,10.08,
ESTAT:APRO_MT_PWGTM(1.0),29/04/22 23:00:00,M,B7100,SL,THS_T,IE,2018-08,12.88,
ESTAT:APRO_MT_PWGTM(1.0),29/04/22 23:00:00,M,B7100,SL,THS_T,IE,2018-09,10.51,
ESTAT:APRO_MT_PWGTM(1.0),29/04/22 23:00:00,M,B7100,SL,THS_T,IE,2018-10,10.14,
ESTAT:APRO_MT_PWGTM(1.0),29/04/22 23:00:00,M,B7100,SL,THS_T,IE,2018-11,12.85,
ESTAT:APRO_MT_PWGTM(1.0),29/04/22 23:00:00,M,B7100,SL,THS_T,IE,2018-12,9.56,
ESTAT:APRO_MT_PWGTM(1.0),29/04/22 23:00:00,M,B7100,SL,THS_T,IE,2019-01,13.48,
ESTAT:APRO_MT_PWGTM(1.0),29/04/22 23:00:00,M,B7100,SL,THS_T,IE,2019-02,10.91,
ESTAT:APRO_MT_PWGTM(1.0),29/04/22 23:00:00,M,B7100,SL,THS_T,IE,2019-03,10.94,
ESTAT:APRO_MT_PWGTM(1.0),29/04/22 23:00:00,M,B7100,SL,THS_T,IE,2019-04,10.89,
ESTAT:APRO_MT_PWGTM(1.0),29/04/22 23:00:00,M,B7100,SL,THS_T,IE,2019-05,13.75,
ESTAT:APRO_MT_PWGTM(1.0),29/04/22 23:00:00,M,B7100,SL,THS_T,IE,2019-06,10.67,
ESTAT:APRO_MT_PWGTM(1.0),29/04/22 23:00:00,M,B7100,SL,THS_T,IE,2019-07,10.76,
ESTAT:APRO_MT_PWGTM(1.0),29/04/22 23:00:00,M,B7100,SL,THS_T,IE,2019-08,13.49,
ESTAT:APRO_MT_PWGTM(1.0),29/04/22 23:00:00,M,B7100,SL,THS_T,IE,2019-09,11.48,
ESTAT:APRO_MT_PWGTM(1.0),29/04/22 23:00:00,M,B7100,SL,THS_T,IE,2019-10,13.80,
ESTAT:APRO_MT_PWGTM(1.0),29/04/22 23:00:00,M,B7100,SL,THS_T,IE,2019-11,11.01,
ESTAT:APRO_MT_PWGTM(1.0),29/04/22 23:00:00,M,B7100,SL,THS_T,IE,2019-12,9.83,
ESTAT:APRO_MT_PWGTM(1.0),29/04/22 23:00:00,M,B7100,SL,THS_T,IE,2020-01,13.98,
ESTAT:APRO_MT_PWGTM(1.0),29/04/22 23:00:00,M,B7100,SL,THS_T,IE,2020-02,11.47,
ESTAT:APRO_MT_PWGTM(1.0),29/04/22 23:00:00,M,B7100,SL,THS_T,IE,2020-03,11.29,
ESTAT:APRO_MT_PWGTM(1.0),29/04/22 23:00:00,M,B7100,SL,THS_T,IE,2020-04,14.33,
ESTAT:APRO_MT_PWGTM(1.0),29/04/22 23:00:00,M,B7100,SL,THS_T,IE,2020-05,11.89,
ESTAT:APRO_MT_PWGTM(1.0),29/04/22 23:00:00,M,B7100,SL,THS_T,IE,2020-06,11.77,
ESTAT:APRO_MT_PWGTM(1.0),29/04/22 23:00:00,M,B7100,SL,THS_T,IE,2020-07,14.64,
ESTAT:APRO_MT_PWGTM(1.0),29/04/22 23:00:00,M,B7100,SL,THS_T,IE,2020-08,11.68,
ESTAT:APRO_MT_PWGTM(1.0),29/04/22 23:00:00,M,B7100,SL,THS_T,IE,2020-09,11.94,
ESTAT:APRO_MT_PWGTM(1.0),29/04/22 23:00:00,M,B7100,SL,THS_T,IE,2020-10,14.50,
ESTAT:APRO_MT_PWGTM(1.0),29/04/22 23:00:00,M,B7100,SL,THS_T,IE,2020-11,11.80,
ESTAT:APRO_MT_PWGTM(1.0),29/04/22 23:00:00,M,B7100,SL,THS_T,IE,2020-12,12.86,
ESTAT:APRO_MT_PWGTM(1.0),29/04/22 23:00:00,M,B7100,SL,THS_T,IE,2021-01,12.04,
ESTAT:APRO_MT_PWGTM(1.0),29/04/22 23:00:00,M,B7100,SL,THS_T,IE,2021-02,11.03,
ESTAT:APRO_MT_PWGTM(1.0),29/04/22 23:00:00,M,B7100,SL,THS_T,IE,2021-03,11.86,
ESTAT:APRO_MT_PWGTM(1.0),29/04/22 23:00:00,M,B7100,SL,THS_T,IE,2021-04,14.77,
ESTAT:APRO_MT_PWGTM(1.0),29/04/22 23:00:00,M,B7100,SL,THS_T,IE,2021-05,12.08,
ESTAT:APRO_MT_PWGTM(1.0),29/04/22 23:00:00,M,B7100,SL,THS_T,IE,2021-06,11.74,
ESTAT:APRO_MT_PWGTM(1.0),29/04/22 23:00:00,M,B7100,SL,THS_T,IE,2021-07,14.86,
ESTAT:APRO_MT_PWGTM(1.0),29/04/22 23:00:00,M,B7100,SL,THS_T,IE,2021-08,11.16,
ESTAT:APRO_MT_PWGTM(1.0),29/04/22 23:00:00,M,B7100,SL,THS_T,IE,2021-09,14.42,
ESTAT:APRO_MT_PWGTM(1.0),29/04/22 23:00:00,M,B7100,SL,THS_T,IE,2021-10,10.88,
ESTAT:APRO_MT_PWGTM(1.0),29/04/22 23:00:00,M,B7100,SL,THS_T,IE,2021-11,10.83,
ESTAT:APRO_MT_PWGTM(1.0),29/04/22 23:00:00,M,B7100,SL,THS_T,IE,2021-12,12.12,
ESTAT:APRO_MT_PWGTM(1.0),29/04/22 23:00:00,M,B7100,SL,THS_T,IE,2022-01,11.31,
ESTAT:APRO_MT_PWGTM(1.0),29/04/22 23:00:00,M,B7100,SL,THS_T,IE,2022-02,11.22,
ESTAT:APRO_MT_PWGTM(1.0),29/04/22 23:00:00,M,B7100,SL,THS_T,IE,2022-03,10.80,
ESTAT:APRO_MT_PWGTM(1.0),29/04/22 23:00:00,M,B7100,SL,THS_T,IT,2002-08,0.58,
ESTAT:APRO_MT_PWGTM(1.0),29/04/22 23:00:00,M,B7100,SL,THS_T,IT,2003-01,60.39,
ESTAT:APRO_MT_PWGTM(1.0),29/04/22 23:00:00,M,B7100,SL,THS_T,IT,2003-02,51.57,
ESTAT:APRO_MT_PWGTM(1.0),29/04/22 23:00:00,M,B7100,SL,THS_T,IT,2003-03,52.28,
ESTAT:APRO_MT_PWGTM(1.0),29/04/22 23:00:00,M,B7100,SL,THS_T,IT,2003-04,57.88,
ESTAT:APRO_MT_PWGTM(1.0),29/04/22 23:00:00,M,B7100,SL,THS_T,IT,2003-05,61.41,
ESTAT:APRO_MT_PWGTM(1.0),29/04/22 23:00:00,M,B7100,SL,THS_T,IT,2003-06,54.24,
ESTAT:APRO_MT_PWGTM(1.0),29/04/22 23:00:00,M,B7100,SL,THS_T,IT,2003-07,58.45,
ESTAT:APRO_MT_PWGTM(1.0),29/04/22 23:00:00,M,B7100,SL,THS_T,IT,2003-08,49.06,
ESTAT:APRO_MT_PWGTM(1.0),29/04/22 23:00:00,M,B7100,SL,THS_T,IT,2003-09,63.32,
ESTAT:APRO_MT_PWGTM(1.0),29/04/22 23:00:00,M,B7100,SL,THS_T,IT,2003-10,60.02,
ESTAT:APRO_MT_PWGTM(1.0),29/04/22 23:00:00,M,B7100,SL,THS_T,IT,2003-11,56.08,
ESTAT:APRO_MT_PWGTM(1.0),29/04/22 23:00:00,M,B7100,SL,THS_T,IT,2003-12,58.14,
ESTAT:APRO_MT_PWGTM(1.0),29/04/22 23:00:00,M,B7100,SL,THS_T,IT,2004-01,57.51,
ESTAT:APRO_MT_PWGTM(1.0),29/04/22 23:00:00,M,B7100,SL,THS_T,IT,2004-02,55.17,
ESTAT:APRO_MT_PWGTM(1.0),29/04/22 23:00:00,M,B7100,SL,THS_T,IT,2004-03,61.57,
ESTAT:APRO_MT_PWGTM(1.0),29/04/22 23:00:00,M,B7100,SL,THS_T,IT,2004-04,59.35,
ESTAT:APRO_MT_PWGTM(1.0),29/04/22 23:00:00,M,B7100,SL,THS_T,IT,2004-05,57.55,
ESTAT:APRO_MT_PWGTM(1.0),29/04/22 23:00:00,M,B7100,SL,THS_T,IT,2004-06,55.39,
ESTAT:APRO_MT_PWGTM(1.0),29/04/22 23:00:00,M,B7100,SL,THS_T,IT,2004-07,59.14,
ESTAT:APRO_MT_PWGTM(1.0),29/04/22 23:00:00,M,B7100,SL,THS_T,IT,2004-08,59.75,
ESTAT:APRO_MT_PWGTM(1.0),29/04/22 23:00:00,M,B7100,SL,THS_T,IT,2004-09,61.23,
ESTAT:APRO_MT_PWGTM(1.0),29/04/22 23:00:00,M,B7100,SL,THS_T,IT,2004-10,58.70,
ESTAT:APRO_MT_PWGTM(1.0),29/04/22 23:00:00,M,B7100,SL,THS_T,IT,2004-11,58.33,
ESTAT:APRO_MT_PWGTM(1.0),29/04/22 23:00:00,M,B7100,SL,THS_T,IT,2004-12,59.88,
ESTAT:APRO_MT_PWGTM(1.0),29/04/22 23:00:00,M,B7100,SL,THS_T,IT,2005-01,55.03,
ESTAT:APRO_MT_PWGTM(1.0),29/04/22 23:00:00,M,B7100,SL,THS_T,IT,2005-02,53.47,
ESTAT:APRO_MT_PWGTM(1.0),29/04/22 23:00:00,M,B7100,SL,THS_T,IT,2005-03,57.76,
ESTAT:APRO_MT_PWGTM(1.0),29/04/22 23:00:00,M,B7100,SL,THS_T,IT,2005-04,59.27,
ESTAT:APRO_MT_PWGTM(1.0),29/04/22 23:00:00,M,B7100,SL,THS_T,IT,2005-05,62.57,
ESTAT:APRO_MT_PWGTM(1.0),29/04/22 23:00:00,M,B7100,SL,THS_T,IT,2005-06,56.16,
ESTAT:APRO_MT_PWGTM(1.0),29/04/22 23:00:00,M,B7100,SL,THS_T,IT,2005-07,57.16,
ESTAT:APRO_MT_PWGTM(1.0),29/04/22 23:00:00,M,B7100,SL,THS_T,IT,2005-08,61.53,
ESTAT:APRO_MT_PWGTM(1.0),29/04/22 23:00:00,M,B7100,SL,THS_T,IT,2005-09,62.72,
ESTAT:APRO_MT_PWGTM(1.0),29/04/22 23:00:00,M,B7100,SL,THS_T,IT,2005-10,60.34,
ESTAT:APRO_MT_PWGTM(1.0),29/04/22 23:00:00,M,B7100,SL,THS_T,IT,2005-11,57.86,
ESTAT:APRO_MT_PWGTM(1.0),29/04/22 23:00:00,M,B7100,SL,THS_T,IT,2005-12,51.13,
ESTAT:APRO_MT_PWGTM(1.0),29/04/22 23:00:00,M,B7100,SL,THS_T,IT,2006-01,44.52,
ESTAT:APRO_MT_PWGTM(1.0),29/04/22 23:00:00,M,B7100,SL,THS_T,IT,2006-02,43.85,
ESTAT:APRO_MT_PWGTM(1.0),29/04/22 23:00:00,M,B7100,SL,THS_T,IT,2006-03,53.16,
ESTAT:APRO_MT_PWGTM(1.0),29/04/22 23:00:00,M,B7100,SL,THS_T,IT,2006-04,48.09,
ESTAT:APRO_MT_PWGTM(1.0),29/04/22 23:00:00,M,B7100,SL,THS_T,IT,2006-05,53.51,
ESTAT:APRO_MT_PWGTM(1.0),29/04/22 23:00:00,M,B7100,SL,THS_T,IT,2006-06,48.12,
ESTAT:APRO_MT_PWGTM(1.0),29/04/22 23:00:00,M,B7100,SL,THS_T,IT,2006-07,50.36,
ESTAT:APRO_MT_PWGTM(1.0),29/04/22 23:00:00,M,B7100,SL,THS_T,IT,2006-08,57.77,
ESTAT:APRO_MT_PWGTM(1.0),29/04/22 23:00:00,M,B7100,SL,THS_T,IT,2006-09,59.95,
ESTAT:APRO_MT_PWGTM(1.0),29/04/22 23:00:00,M,B7100,SL,THS_T,IT,2006-10,60.12,
ESTAT:APRO_MT_PWGTM(1.0),29/04/22 23:00:00,M,B7100,SL,THS_T,IT,2006-11,54.82,
ESTAT:APRO_MT_PWGTM(1.0),29/04/22 23:00:00,M,B7100,SL,THS_T,IT,2006-12,54.21,
ESTAT:APRO_MT_PWGTM(1.0),29/04/22 23:00:00,M,B7100,SL,THS_T,IT,2007-01,58.65,
ESTAT:APRO_MT_PWGTM(1.0),29/04/22 23:00:00,M,B7100,SL,THS_T,IT,2007-02,52.42,
ESTAT:APRO_MT_PWGTM(1.0),29/04/22 23:00:00,M,B7100,SL,THS_T,IT,2007-03,60.54,
ESTAT:APRO_MT_PWGTM(1.0),29/04/22 23:00:00,M,B7100,SL,THS_T,IT,2007-04,57.28,
ESTAT:APRO_MT_PWGTM(1.0),29/04/22 23:00:00,M,B7100,SL,THS_T,IT,2007-05,65.91,
ESTAT:APRO_MT_PWGTM(1.0),29/04/22 23:00:00,M,B7100,SL,THS_T,IT,2007-06,58.81,
ESTAT:APRO_MT_PWGTM(1.0),29/04/22 23:00:00,M,B7100,SL,THS_T,IT,2007-07,63.46,
ESTAT:APRO_MT_PWGTM(1.0),29/04/22 23:00:00,M,B7100,SL,THS_T,IT,2007-08,63.49,
ESTAT:APRO_MT_PWGTM(1.0),29/04/22 23:00:00,M,B7100,SL,THS_T,IT,2007-09,62.03,
ESTAT:APRO_MT_PWGTM(1.0),29/04/22 23:00:00,M,B7100,SL,THS_T,IT,2007-10,68.14,
ESTAT:APRO_MT_PWGTM(1.0),29/04/22 23:00:00,M,B7100,SL,THS_T,IT,2007-11,62.18,
ESTAT:APRO_MT_PWGTM(1.0),29/04/22 23:00:00,M,B7100,SL,THS_T,IT,2007-12,60.09,
ESTAT:APRO_MT_PWGTM(1.0),29/04/22 23:00:00,M,B7100,SL,THS_T,IT,2008-01,66.96,
ESTAT:APRO_MT_PWGTM(1.0),29/04/22 23:00:00,M,B7100,SL,THS_T,IT,2008-02,63.13,
ESTAT:APRO_MT_PWGTM(1.0),29/04/22 23:00:00,M,B7100,SL,THS_T,IT,2008-03,64.33,
ESTAT:APRO_MT_PWGTM(1.0),29/04/22 23:00:00,M,B7100,SL,THS_T,IT,2008-04,68.08,
ESTAT:APRO_MT_PWGTM(1.0),29/04/22 23:00:00,M,B7100,SL,THS_T,IT,2008-05,68.49,
ESTAT:APRO_MT_PWGTM(1.0),29/04/22 23:00:00,M,B7100,SL,THS_T,IT,2008-06,63.20,
ESTAT:APRO_MT_PWGTM(1.0),29/04/22 23:00:00,M,B7100,SL,THS_T,IT,2008-07,67.31,
ESTAT:APRO_MT_PWGTM(1.0),29/04/22 23:00:00,M,B7100,SL,THS_T,IT,2008-08,62.28,
ESTAT:APRO_MT_PWGTM(1.0),29/04/22 23:00:00,M,B7100,SL,THS_T,IT,2008-09,69.29,
ESTAT:APRO_MT_PWGTM(1.0),29/04/22 23:00:00,M,B7100,SL,THS_T,IT,2008-10,69.43,
ESTAT:APRO_MT_PWGTM(1.0),29/04/22 23:00:00,M,B7100,SL,THS_T,IT,2008-11,61.52,
ESTAT:APRO_MT_PWGTM(1.0),29/04/22 23:00:00,M,B7100,SL,THS_T,IT,2008-12,65.37,
ESTAT:APRO_MT_PWGTM(1.0),29/04/22 23:00:00,M,B7100,SL,THS_T,IT,2009-01,65.77,
ESTAT:APRO_MT_PWGTM(1.0),29/04/22 23:00:00,M,B7100,SL,THS_T,IT,2009-02,60.50,
ESTAT:APRO_MT_PWGTM(1.0),29/04/22 23:00:00,M,B7100,SL,THS_T,IT,2009-03,65.97,
ESTAT:APRO_MT_PWGTM(1.0),29/04/22 23:00:00,M,B7100,SL,THS_T,IT,2009-04,65.98,
ESTAT:APRO_MT_PWGTM(1.0),29/04/22 23:00:00,M,B7100,SL,THS_T,IT,2009-05,68.05,
ESTAT:APRO_MT_PWGTM(1.0),29/04/22 23:00:00,M,B7100,SL,THS_T,IT,2009-06,70.35,
ESTAT:APRO_MT_PWGTM(1.0),29/04/22 23:00:00,M,B7100,SL,THS_T,IT,2009-07,74.16,
ESTAT:APRO_MT_PWGTM(1.0),29/04/22 23:00:00,M,B7100,SL,THS_T,IT,2009-08,66.26,
ESTAT:APRO_MT_PWGTM(1.0),29/04/22 23:00:00,M,B7100,SL,THS_T,IT,2009-09,70.44,
ESTAT:APRO_MT_PWGTM(1.0),29/04/22 23:00:00,M,B7100,SL,THS_T,IT,2009-10,70.98,
ESTAT:APRO_MT_PWGTM(1.0),29/04/22 23:00:00,M,B7100,SL,THS_T,IT,2009-11,68.85,
ESTAT:APRO_MT_PWGTM(1.0),29/04/22 23:00:00,M,B7100,SL,THS_T,IT,2009-12,74.58,
ESTAT:APRO_MT_PWGTM(1.0),29/04/22 23:00:00,M,B7100,SL,THS_T,IT,2010-01,70.60,
ESTAT:APRO_MT_PWGTM(1.0),29/04/22 23:00:00,M,B7100,SL,THS_T,IT,2010-02,65.86,
ESTAT:APRO_MT_PWGTM(1.0),29/04/22 23:00:00,M,B7100,SL,THS_T,IT,2010-03,74.09,
ESTAT:APRO_MT_PWGTM(1.0),29/04/22 23:00:00,M,B7100,SL,THS_T,IT,2010-04,72.09,
ESTAT:APRO_MT_PWGTM(1.0),29/04/22 23:00:00,M,B7100,SL,THS_T,IT,2010-05,73.05,
ESTAT:APRO_MT_PWGTM(1.0),29/04/22 23:00:00,M,B7100,SL,THS_T,IT,2010-06,70.70,
ESTAT:APRO_MT_PWGTM(1.0),29/04/22 23:00:00,M,B7100,SL,THS_T,IT,2010-07,70.87,
ESTAT:APRO_MT_PWGTM(1.0),29/04/22 23:00:00,M,B7100,SL,THS_T,IT,2010-08,69.48,
ESTAT:APRO_MT_PWGTM(1.0),29/04/22 23:00:00,M,B7100,SL,THS_T,IT,2010-09,73.61,
ESTAT:APRO_MT_PWGTM(1.0),29/04/22 23:00:00,M,B7100,SL,THS_T,IT,2010-10,75.14,
ESTAT:APRO_MT_PWGTM(1.0),29/04/22 23:00:00,M,B7100,SL,THS_T,IT,2010-11,76.97,
ESTAT:APRO_MT_PWGTM(1.0),29/04/22 23:00:00,M,B7100,SL,THS_T,IT,2010-12,72.51,
ESTAT:APRO_MT_PWGTM(1.0),29/04/22 23:00:00,M,B7100,SL,THS_T,IT,2011-01,71.88,
ESTAT:APRO_MT_PWGTM(1.0),29/04/22 23:00:00,M,B7100,SL,THS_T,IT,2011-02,72.42,
ESTAT:APRO_MT_PWGTM(1.0),29/04/22 23:00:00,M,B7100,SL,THS_T,IT,2011-03,74.64,
ESTAT:APRO_MT_PWGTM(1.0),29/04/22 23:00:00,M,B7100,SL,THS_T,IT,2011-04,71.11,
ESTAT:APRO_MT_PWGTM(1.0),29/04/22 23:00:00,M,B7100,SL,THS_T,IT,2011-05,78.03,
ESTAT:APRO_MT_PWGTM(1.0),29/04/22 23:00:00,M,B7100,SL,THS_T,IT,2011-06,75.47,
ESTAT:APRO_MT_PWGTM(1.0),29/04/22 23:00:00,M,B7100,SL,THS_T,IT,2011-07,73.29,
ESTAT:APRO_MT_PWGTM(1.0),29/04/22 23:00:00,M,B7100,SL,THS_T,IT,2011-08,73.79,
ESTAT:APRO_MT_PWGTM(1.0),29/04/22 23:00:00,M,B7100,SL,THS_T,IT,2011-09,75.69,
ESTAT:APRO_MT_PWGTM(1.0),29/04/22 23:00:00,M,B7100,SL,THS_T,IT,2011-10,76.55,
ESTAT:APRO_MT_PWGTM(1.0),29/04/22 23:00:00,M,B7100,SL,THS_T,IT,2011-11,75.59,
ESTAT:APRO_MT_PWGTM(1.0),29/04/22 23:00:00,M,B7100,SL,THS_T,IT,2011-12,76.29,
ESTAT:APRO_MT_PWGTM(1.0),29/04/22 23:00:00,M,B7100,SL,THS_T,IT,2012-01,78.22,
ESTAT:APRO_MT_PWGTM(1.0),29/04/22 23:00:00,M,B7100,SL,THS_T,IT,2012-02,75.16,
ESTAT:APRO_MT_PWGTM(1.0),29/04/22 23:00:00,M,B7100,SL,THS_T,IT,2012-03,79.22,
ESTAT:APRO_MT_PWGTM(1.0),29/04/22 23:00:00,M,B7100,SL,THS_T,IT,2012-04,73.46,
ESTAT:APRO_MT_PWGTM(1.0),29/04/22 23:00:00,M,B7100,SL,THS_T,IT,2012-05,82.81,
ESTAT:APRO_MT_PWGTM(1.0),29/04/22 23:00:00,M,B7100,SL,THS_T,IT,2012-06,72.94,
ESTAT:APRO_MT_PWGTM(1.0),29/04/22 23:00:00,M,B7100,SL,THS_T,IT,2012-07,74.07,
ESTAT:APRO_MT_PWGTM(1.0),29/04/22 23:00:00,M,B7100,SL,THS_T,IT,2012-08,79.23,
ESTAT:APRO_MT_PWGTM(1.0),29/04/22 23:00:00,M,B7100,SL,THS_T,IT,2012-09,74.41,
ESTAT:APRO_MT_PWGTM(1.0),29/04/22 23:00:00,M,B7100,SL,THS_T,IT,2012-10,81.46,
ESTAT:APRO_MT_PWGTM(1.0),29/04/22 23:00:00,M,B7100,SL,THS_T,IT,2012-11,75.70,
ESTAT:APRO_MT_PWGTM(1.0),29/04/22 23:00:00,M,B7100,SL,THS_T,IT,2012-12,75.69,
ESTAT:APRO_MT_PWGTM(1.0),29/04/22 23:00:00,M,B7100,SL,THS_T,IT,2013-01,83.33,
ESTAT:APRO_MT_PWGTM(1.0),29/04/22 23:00:00,M,B7100,SL,THS_T,IT,2013-02,76.29,
ESTAT:APRO_MT_PWGTM(1.0),29/04/22 23:00:00,M,B7100,SL,THS_T,IT,2013-03,76.41,
ESTAT:APRO_MT_PWGTM(1.0),29/04/22 23:00:00,M,B7100,SL,THS_T,IT,2013-04,73.20,
ESTAT:APRO_MT_PWGTM(1.0),29/04/22 23:00:00,M,B7100,SL,THS_T,IT,2013-05,78.91,
ESTAT:APRO_MT_PWGTM(1.0),29/04/22 23:00:00,M,B7100,SL,THS_T,IT,2013-06,69.48,
ESTAT:APRO_MT_PWGTM(1.0),29/04/22 23:00:00,M,B7100,SL,THS_T,IT,2013-07,79.01,
ESTAT:APRO_MT_PWGTM(1.0),29/04/22 23:00:00,M,B7100,SL,THS_T,IT,2013-08,74.02,
ESTAT:APRO_MT_PWGTM(1.0),29/04/22 23:00:00,M,B7100,SL,THS_T,IT,2013-09,74.27,
ESTAT:APRO_MT_PWGTM(1.0),29/04/22 23:00:00,M,B7100,SL,THS_T,IT,2013-10,77.07,
ESTAT:APRO_MT_PWGTM(1.0),29/04/22 23:00:00,M,B7100,SL,THS_T,IT,2013-11,70.88,
ESTAT:APRO_MT_PWGTM(1.0),29/04/22 23:00:00,M,B7100,SL,THS_T,IT,2013-12,69.87,
ESTAT:APRO_MT_PWGTM(1.0),29/04/22 23:00:00,M,B7100,SL,THS_T,IT,2014-01,80.98,
ESTAT:APRO_MT_PWGTM(1.0),29/04/22 23:00:00,M,B7100,SL,THS_T,IT,2014-02,72.31,
ESTAT:APRO_MT_PWGTM(1.0),29/04/22 23:00:00,M,B7100,SL,THS_T,IT,2014-03,74.45,
ESTAT:APRO_MT_PWGTM(1.0),29/04/22 23:00:00,M,B7100,SL,THS_T,IT,2014-04,76.23,
ESTAT:APRO_MT_PWGTM(1.0),29/04/22 23:00:00,M,B7100,SL,THS_T,IT,2014-05,77.56,
ESTAT:APRO_MT_PWGTM(1.0),29/04/22 23:00:00,M,B7100,SL,THS_T,IT,2014-06,70.10,
ESTAT:APRO_MT_PWGTM(1.0),29/04/22 23:00:00,M,B7100,SL,THS_T,IT,2014-07,78.09,
ESTAT:APRO_MT_PWGTM(1.0),29/04/22 23:00:00,M,B7100,SL,THS_T,IT,2014-08,74.97,
ESTAT:APRO_MT_PWGTM(1.0),29/04/22 23:00:00,M,B7100,SL,THS_T,IT,2014-09,83.83,
ESTAT:APRO_MT_PWGTM(1.0),29/04/22 23:00:00,M,B7100,SL,THS_T,IT,2014-10,81.41,
ESTAT:APRO_MT_PWGTM(1.0),29/04/22 23:00:00,M,B7100,SL,THS_T,IT,2014-11,71.81,
ESTAT:APRO_MT_PWGTM(1.0),29/04/22 23:00:00,M,B7100,SL,THS_T,IT,2014-12,77.81,
ESTAT:APRO_MT_PWGTM(1.0),29/04/22 23:00:00,M,B7100,SL,THS_T,IT,2015-01,81.06,
ESTAT:APRO_MT_PWGTM(1.0),29/04/22 23:00:00,M,B7100,SL,THS_T,IT,2015-02,74.13,
ESTAT:APRO_MT_PWGTM(1.0),29/04/22 23:00:00,M,B7100,SL,THS_T,IT,2015-03,78.45,
ESTAT:APRO_MT_PWGTM(1.0),29/04/22 23:00:00,M,B7100,SL,THS_T,IT,2015-04,79.78,
ESTAT:APRO_MT_PWGTM(1.0),29/04/22 23:00:00,M,B7100,SL,THS_T,IT,2015-05,81.01,
ESTAT:APRO_MT_PWGTM(1.0),29/04/22 23:00:00,M,B7100,SL,THS_T,IT,2015-06,79.09,
ESTAT:APRO_MT_PWGTM(1.0),29/04/22 23:00:00,M,B7100,SL,THS_T,IT,2015-07,79.91,
ESTAT:APRO_MT_PWGTM(1.0),29/04/22 23:00:00,M,B7100,SL,THS_T,IT,2015-08,76.73,
ESTAT:APRO_MT_PWGTM(1.0),29/04/22 23:00:00,M,B7100,SL,THS_T,IT,2015-09,83.46,
ESTAT:APRO_MT_PWGTM(1.0),29/04/22 23:00:00,M,B7100,SL,THS_T,IT,2015-10,85.43,
ESTAT:APRO_MT_PWGTM(1.0),29/04/22 23:00:00,M,B7100,SL,THS_T,IT,2015-11,85.34,
ESTAT:APRO_MT_PWGTM(1.0),29/04/22 23:00:00,M,B7100,SL,THS_T,IT,2015-12,85.03,
ESTAT:APRO_MT_PWGTM(1.0),29/04/22 23:00:00,M,B7100,SL,THS_T,IT,2016-01,81.64,
ESTAT:APRO_MT_PWGTM(1.0),29/04/22 23:00:00,M,B7100,SL,THS_T,IT,2016-02,82.57,
ESTAT:APRO_MT_PWGTM(1.0),29/04/22 23:00:00,M,B7100,SL,THS_T,IT,2016-03,85.59,
ESTAT:APRO_MT_PWGTM(1.0),29/04/22 23:00:00,M,B7100,SL,THS_T,IT,2016-04,86.13,
ESTAT:APRO_MT_PWGTM(1.0),29/04/22 23:00:00,M,B7100,SL,THS_T,IT,2016-05,88.84,
ESTAT:APRO_MT_PWGTM(1.0),29/04/22 23:00:00,M,B7100,SL,THS_T,IT,2016-06,83.34,
ESTAT:APRO_MT_PWGTM(1.0),29/04/22 23:00:00,M,B7100,SL,THS_T,IT,2016-07,84.71,
ESTAT:APRO_MT_PWGTM(1.0),29/04/22 23:00:00,M,B7100,SL,THS_T,IT,2016-08,87.78,
ESTAT:APRO_MT_PWGTM(1.0),29/04/22 23:00:00,M,B7100,SL,THS_T,IT,2016-09,86.19,
ESTAT:APRO_MT_PWGTM(1.0),29/04/22 23:00:00,M,B7100,SL,THS_T,IT,2016-10,86.52,
ESTAT:APRO_MT_PWGTM(1.0),29/04/22 23:00:00,M,B7100,SL,THS_T,IT,2016-11,84.99,
ESTAT:APRO_MT_PWGTM(1.0),29/04/22 23:00:00,M,B7100,SL,THS_T,IT,2016-12,83.85,
ESTAT:APRO_MT_PWGTM(1.0),29/04/22 23:00:00,M,B7100,SL,THS_T,IT,2017-01,80.50,
ESTAT:APRO_MT_PWGTM(1.0),29/04/22 23:00:00,M,B7100,SL,THS_T,IT,2017-02,75.99,
ESTAT:APRO_MT_PWGTM(1.0),29/04/22 23:00:00,M,B7100,SL,THS_T,IT,2017-03,87.07,
ESTAT:APRO_MT_PWGTM(1.0),29/04/22 23:00:00,M,B7100,SL,THS_T,IT,2017-04,80.06,
ESTAT:APRO_MT_PWGTM(1.0),29/04/22 23:00:00,M,B7100,SL,THS_T,IT,2017-05,92.94,
ESTAT:APRO_MT_PWGTM(1.0),29/04/22 23:00:00,M,B7100,SL,THS_T,IT,2017-06,85.90,
ESTAT:APRO_MT_PWGTM(1.0),29/04/22 23:00:00,M,B7100,SL,THS_T,IT,2017-07,85.75,
ESTAT:APRO_MT_PWGTM(1.0),29/04/22 23:00:00,M,B7100,SL,THS_T,IT,2017-08,83.24,
ESTAT:APRO_MT_PWGTM(1.0),29/04/22 23:00:00,M,B7100,SL,THS_T,IT,2017-09,84.61,
ESTAT:APRO_MT_PWGTM(1.0),29/04/22 23:00:00,M,B7100,SL,THS_T,IT,2017-10,86.89,
ESTAT:APRO_MT_PWGTM(1.0),29/04/22 23:00:00,M,B7100,SL,THS_T,IT,2017-11,83.99,
ESTAT:APRO_MT_PWGTM(1.0),29/04/22 23:00:00,M,B7100,SL,THS_T,IT,2017-12,79.85,
ESTAT:APRO_MT_PWGTM(1.0),29/04/22 23:00:00,M,B7100,SL,THS_T,IT,2018-01,80.06,
ESTAT:APRO_MT_PWGTM(1.0),29/04/22 23:00:00,M,B7100,SL,THS_T,IT,2018-02,72.98,
ESTAT:APRO_MT_PWGTM(1.0),29/04/22 23:00:00,M,B7100,SL,THS_T,IT,2018-03,82.52,
ESTAT:APRO_MT_PWGTM(1.0),29/04/22 23:00:00,M,B7100,SL,THS_T,IT,2018-04,78.60,
ESTAT:APRO_MT_PWGTM(1.0),29/04/22 23:00:00,M,B7100,SL,THS_T,IT,2018-05,85.97,
ESTAT:APRO_MT_PWGTM(1.0),29/04/22 23:00:00,M,B7100,SL,THS_T,IT,2018-06,81.90,
ESTAT:APRO_MT_PWGTM(1.0),29/04/22 23:00:00,M,B7100,SL,THS_T,IT,2018-07,84.29,
ESTAT:APRO_MT_PWGTM(1.0),29/04/22 23:00:00,M,B7100,SL,THS_T,IT,2018-08,82.57,
ESTAT:APRO_MT_PWGTM(1.0),29/04/22 23:00:00,M,B7100,SL,THS_T,IT,2018-09,78.39,
ESTAT:APRO_MT_PWGTM(1.0),29/04/22 23:00:00,M,B7100,SL,THS_T,IT,2018-10,86.18,
ESTAT:APRO_MT_PWGTM(1.0),29/04/22 23:00:00,M,B7100,SL,THS_T,IT,2018-11,81.07,
ESTAT:APRO_MT_PWGTM(1.0),29/04/22 23:00:00,M,B7100,SL,THS_T,IT,2018-12,78.31,
ESTAT:APRO_MT_PWGTM(1.0),29/04/22 23:00:00,M,B7100,SL,THS_T,IT,2019-01,87.75,
ESTAT:APRO_MT_PWGTM(1.0),29/04/22 23:00:00,M,B7100,SL,THS_T,IT,2019-02,81.67,
ESTAT:APRO_MT_PWGTM(1.0),29/04/22 23:00:00,M,B7100,SL,THS_T,IT,2019-03,87.47,
ESTAT:APRO_MT_PWGTM(1.0),29/04/22 23:00:00,M,B7100,SL,THS_T,IT,2019-04,86.70,
ESTAT:APRO_MT_PWGTM(1.0),29/04/22 23:00:00,M,B7100,SL,THS_T,IT,2019-05,91.92,
ESTAT:APRO_MT_PWGTM(1.0),29/04/22 23:00:00,M,B7100,SL,THS_T,IT,2019-06,81.70,
ESTAT:APRO_MT_PWGTM(1.0),29/04/22 23:00:00,M,B7100,SL,THS_T,IT,2019-07,89.49,
ESTAT:APRO_MT_PWGTM(1.0),29/04/22 23:00:00,M,B7100,SL,THS_T,IT,2019-08,85.69,
ESTAT:APRO_MT_PWGTM(1.0),29/04/22 23:00:00,M,B7100,SL,THS_T,IT,2019-09,87.56,
ESTAT:APRO_MT_PWGTM(1.0),29/04/22 23:00:00,M,B7100,SL,THS_T,IT,2019-10,97.64,
ESTAT:APRO_MT_PWGTM(1.0),29/04/22 23:00:00,M,B7100,SL,THS_T,IT,2019-11,89.71,
ESTAT:APRO_MT_PWGTM(1.0),29/04/22 23:00:00,M,B7100,SL,THS_T,IT,2019-12,87.98,
ESTAT:APRO_MT_PWGTM(1.0),29/04/22 23:00:00,M,B7100,SL,THS_T,IT,2020-01,93.70,
ESTAT:APRO_MT_PWGTM(1.0),29/04/22 23:00:00,M,B7100,SL,THS_T,IT,2020-02,86.40,
ESTAT:APRO_MT_PWGTM(1.0),29/04/22 23:00:00,M,B7100,SL,THS_T,IT,2020-03,88.28,
ESTAT:APRO_MT_PWGTM(1.0),29/04/22 23:00:00,M,B7100,SL,THS_T,IT,2020-04,85.58,
ESTAT:APRO_MT_PWGTM(1.0),29/04/22 23:00:00,M,B7100,SL,THS_T,IT,2020-05,92.29,
ESTAT:APRO_MT_PWGTM(1.0),29/04/22 23:00:00,M,B7100,SL,THS_T,IT,2020-06,88.69,
ESTAT:APRO_MT_PWGTM(1.0),29/04/22 23:00:00,M,B7100,SL,THS_T,IT,2020-07,86.83,
ESTAT:APRO_MT_PWGTM(1.0),29/04/22 23:00:00,M,B7100,SL,THS_T,IT,2020-08,87.02,
ESTAT:APRO_MT_PWGTM(1.0),29/04/22 23:00:00,M,B7100,SL,THS_T,IT,2020-09,87.09,
ESTAT:APRO_MT_PWGTM(1.0),29/04/22 23:00:00,M,B7100,SL,THS_T,IT,2020-10,90.34,
ESTAT:APRO_MT_PWGTM(1.0),29/04/22 23:00:00,M,B7100,SL,THS_T,IT,2020-11,94.92,
ESTAT:APRO_MT_PWGTM(1.0),29/04/22 23:00:00,M,B7100,SL,THS_T,IT,2020-12,85.77,
ESTAT:APRO_MT_PWGTM(1.0),29/04/22 23:00:00,M,B7100,SL,THS_T,IT,2021-01,88.56,
ESTAT:APRO_MT_PWGTM(1.0),29/04/22 23:00:00,M,B7100,SL,THS_T,IT,2021-02,81.25,
ESTAT:APRO_MT_PWGTM(1.0),29/04/22 23:00:00,M,B7100,SL,THS_T,IT,2021-03,94.84,
ESTAT:APRO_MT_PWGTM(1.0),29/04/22 23:00:00,M,B7100,SL,THS_T,IT,2021-04,90.47,
ESTAT:APRO_MT_PWGTM(1.0),29/04/22 23:00:00,M,B7100,SL,THS_T,IT,2021-05,89.26,
ESTAT:APRO_MT_PWGTM(1.0),29/04/22 23:00:00,M,B7100,SL,THS_T,IT,2021-06,85.87,
ESTAT:APRO_MT_PWGTM(1.0),29/04/22 23:00:00,M,B7100,SL,THS_T,IT,2021-07,96.33,
ESTAT:APRO_MT_PWGTM(1.0),29/04/22 23:00:00,M,B7100,SL,THS_T,IT,2021-08,88.61,
ESTAT:APRO_MT_PWGTM(1.0),29/04/22 23:00:00,M,B7100,SL,THS_T,IT,2021-09,92.35,
ESTAT:APRO_MT_PWGTM(1.0),29/04/22 23:00:00,M,B7100,SL,THS_T,IT,2021-10,91.51,
ESTAT:APRO_MT_PWGTM(1.0),29/04/22 23:00:00,M,B7100,SL,THS_T,IT,2021-11,86.15,
ESTAT:APRO_MT_PWGTM(1.0),29/04/22 23:00:00,M,B7100,SL,THS_T,IT,2021-12,83.31,
ESTAT:APRO_MT_PWGTM(1.0),29/04/22 23:00:00,M,B7100,SL,THS_T,IT,2022-01,79.44,
ESTAT:APRO_MT_PWGTM(1.0),29/04/22 23:00:00,M,B7100,SL,THS_T,IT,2022-02,64.32,
ESTAT:APRO_MT_PWGTM(1.0),29/04/22 23:00:00,M,B7200,SL,THS_T,IE,2004-01,0.48,
ESTAT:APRO_MT_PWGTM(1.0),29/04/22 23:00:00,M,B7200,SL,THS_T,IE,2004-02,0.38,
ESTAT:APRO_MT_PWGTM(1.0),29/04/22 23:00:00,M,B7200,SL,THS_T,IE,2004-03,0.45,
ESTAT:APRO_MT_PWGTM(1.0),29/04/22 23:00:00,M,B7200,SL,THS_T,IE,2004-04,0.39,
ESTAT:APRO_MT_PWGTM(1.0),29/04/22 23:00:00,M,B7200,SL,THS_T,IE,2004-05,0.32,
ESTAT:APRO_MT_PWGTM(1.0),29/04/22 23:00:00,M,B7200,SL,THS_T,IE,2004-06,0.47,
ESTAT:APRO_MT_PWGTM(1.0),29/04/22 23:00:00,M,B7200,SL,THS_T,IE,2004-07,0.41,
ESTAT:APRO_MT_PWGTM(1.0),29/04/22 23:00:00,M,B7200,SL,THS_T,IE,2004-08,0.39,
ESTAT:APRO_MT_PWGTM(1.0),29/04/22 23:00:00,M,B7200,SL,THS_T,IE,2004-09,0.51,
ESTAT:APRO_MT_PWGTM(1.0),29/04/22 23:00:00,M,B7200,SL,THS_T,IE,2004-10,0.45,
ESTAT:APRO_MT_PWGTM(1.0),29/04/22 23:00:00,M,B7200,SL,THS_T,IE,2004-11,0.48,
ESTAT:APRO_MT_PWGTM(1.0),29/04/22 23:00:00,M,B7200,SL,THS_T,IE,2004-12,0.59,
ESTAT:APRO_MT_PWGTM(1.0),29/04/22 23:00:00,M,B7200,SL,THS_T,IE,2005-01,0.47,
ESTAT:APRO_MT_PWGTM(1.0),29/04/22 23:00:00,M,B7200,SL,THS_T,IE,2005-02,0.45,
ESTAT:APRO_MT_PWGTM(1.0),29/04/22 23:00:00,M,B7200,SL,THS_T,IE,2005-03,0.55,
ESTAT:APRO_MT_PWGTM(1.0),29/04/22 23:00:00,M,B7200,SL,THS_T,IE,2005-04,0.40,
ESTAT:APRO_MT_PWGTM(1.0),29/04/22 23:00:00,M,B7200,SL,THS_T,IE,2005-05,0.43,
ESTAT:APRO_MT_PWGTM(1.0),29/04/22 23:00:00,M,B7200,SL,THS_T,IE,2005-06,0.54,
ESTAT:APRO_MT_PWGTM(1.0),29/04/22 23:00:00,M,B7200,SL,THS_T,IE,2005-07,0.45,
ESTAT:APRO_MT_PWGTM(1.0),29/04/22 23:00:00,M,B7200,SL,THS_T,IE,2005-08,0.55,
ESTAT:APRO_MT_PWGTM(1.0),29/04/22 23:00:00,M,B7200,SL,THS_T,IE,2005-09,0.45,
ESTAT:APRO_MT_PWGTM(1.0),29/04/22 23:00:00,M,B7200,SL,THS_T,IE,2005-10,0.47,
ESTAT:APRO_MT_PWGTM(1.0),29/04/22 23:00:00,M,B7200,SL,THS_T,IE,2005-11,0.59,
ESTAT:APRO_MT_PWGTM(1.0),29/04/22 23:00:00,M,B7200,SL,THS_T,IE,2005-12,0.49,
ESTAT:APRO_MT_PWGTM(1.0),29/04/22 23:00:00,M,B7200,SL,THS_T,IE,2006-01,0.48,
ESTAT:APRO_MT_PWGTM(1.0),29/04/22 23:00:00,M,B7200,SL,THS_T,IE,2006-02,0.46,
ESTAT:APRO_MT_PWGTM(1.0),29/04/22 23:00:00,M,B7200,SL,THS_T,IE,2006-03,0.58,
ESTAT:APRO_MT_PWGTM(1.0),29/04/22 23:00:00,M,B7200,SL,THS_T,IE,2006-04,0.47,
ESTAT:APRO_MT_PWGTM(1.0),29/04/22 23:00:00,M,B7200,SL,THS_T,IE,2006-05,0.58,
ESTAT:APRO_MT_PWGTM(1.0),29/04/22 23:00:00,M,B7200,SL,THS_T,IE,2006-06,0.32,
ESTAT:APRO_MT_PWGTM(1.0),29/04/22 23:00:00,M,B7200,SL,THS_T,IE,2006-07,0.27,
ESTAT:APRO_MT_PWGTM(1.0),29/04/22 23:00:00,M,B7200,SL,THS_T,IE,2006-08,0.41,
ESTAT:APRO_MT_PWGTM(1.0),29/04/22 23:00:00,M,B7200,SL,THS_T,IE,2006-09,0.34,
ESTAT:APRO_MT_PWGTM(1.0),29/04/22 23:00:00,M,B7200,SL,THS_T,IE,2006-10,0.42,
ESTAT:APRO_MT_PWGTM(1.0),29/04/22 23:00:00,M,B7200,SL,THS_T,IE,2006-11,0.53,
ESTAT:APRO_MT_PWGTM(1.0),29/04/22 23:00:00,M,B7200,SL,THS_T,IE,2006-12,0.47,
ESTAT:APRO_MT_PWGTM(1.0),29/04/22 23:00:00,M,B7200,SL,THS_T,IE,2007-01,0.48,
ESTAT:APRO_MT_PWGTM(1.0),29/04/22 23:00:00,M,B7200,SL,THS_T,IE,2007-02,0.46,
ESTAT:APRO_MT_PWGTM(1.0),29/04/22 23:00:00,M,B7200,SL,THS_T,IE,2007-03,0.54,
ESTAT:APRO_MT_PWGTM(1.0),29/04/22 23:00:00,M,B7200,SL,THS_T,IE,2007-04,0.43,
ESTAT:APRO_MT_PWGTM(1.0),29/04/22 23:00:00,M,B7200,SL,THS_T,IE,2007-05,0.55,
ESTAT:APRO_MT_PWGTM(1.0),29/04/22 23:00:00,M,B7200,SL,THS_T,IE,2007-06,0.41,
ESTAT:APRO_MT_PWGTM(1.0),29/04/22 23:00:00,M,B7200,SL,THS_T,IE,2007-07,0.44,
ESTAT:APRO_MT_PWGTM(1.0),29/04/22 23:00:00,M,B7200,SL,THS_T,IE,2007-08,0.57,
ESTAT:APRO_MT_PWGTM(1.0),29/04/22 23:00:00,M,B7200,SL,THS_T,IE,2007-09,0.41,
ESTAT:APRO_MT_PWGTM(1.0),29/04/22 23:00:00,M,B7200,SL,THS_T,IE,2007-10,0.48,
ESTAT:APRO_MT_PWGTM(1.0),29/04/22 23:00:00,M,B7200,SL,THS_T,IE,2007-11,0.60,
ESTAT:APRO_MT_PWGTM(1.0),29/04/22 23:00:00,M,B7200,SL,THS_T,IE,2007-12,0.43,
ESTAT:APRO_MT_PWGTM(1.0),29/04/22 23:00:00,M,B7200,SL,THS_T,IE,2008-01,0.48,
ESTAT:APRO_MT_PWGTM(1.0),29/04/22 23:00:00,M,B7200,SL,THS_T,IE,2008-02,0.48,
ESTAT:APRO_MT_PWGTM(1.0),29/04/22 23:00:00,M,B7200,SL,THS_T,IE,2008-03,0.54,
ESTAT:APRO_MT_PWGTM(1.0),29/04/22 23:00:00,M,B7200,SL,THS_T,IE,2008-04,0.49,
ESTAT:APRO_MT_PWGTM(1.0),29/04/22 23:00:00,M,B7200,SL,THS_T,IE,2008-05,0.50,
ESTAT:APRO_MT_PWGTM(1.0),29/04/22 23:00:00,M,B7200,SL,THS_T,IE,2008-06,0.33,
ESTAT:APRO_MT_PWGTM(1.0),29/04/22 23:00:00,M,B7200,SL,THS_T,IE,2008-07,0.35,
ESTAT:APRO_MT_PWGTM(1.0),29/04/22 23:00:00,M,B7200,SL,THS_T,IE,2008-08,0.43,
ESTAT:APRO_MT_PWGTM(1.0),29/04/22 23:00:00,M,B7200,SL,THS_T,IE,2008-09,0.35,
ESTAT:APRO_MT_PWGTM(1.0),29/04/22 23:00:00,M,B7200,SL,THS_T,IE,2008-10,0.36,
ESTAT:APRO_MT_PWGTM(1.0),29/04/22 23:00:00,M,B7200,SL,THS_T,IE,2008-11,0.43,
ESTAT:APRO_MT_PWGTM(1.0),29/04/22 23:00:00,M,B7200,SL,THS_T,IE,2008-12,0.37,
ESTAT:APRO_MT_PWGTM(1.0),29/04/22 23:00:00,M,B7200,SL,THS_T,IE,2009-01,,c
ESTAT:APRO_MT_PWGTM(1.0),29/04/22 23:00:00,M,B7200,SL,THS_T,IE,2009-02,,c
ESTAT:APRO_MT_PWGTM(1.0),29/04/22 23:00:00,M,B7200,SL,THS_T,IE,2009-03,,c
ESTAT:APRO_MT_PWGTM(1.0),29/04/22 23:00:00,M,B7200,SL,THS_T,IE,2009-04,,c
ESTAT:APRO_MT_PWGTM(1.0),29/04/22 23:00:00,M,B7200,SL,THS_T,IE,2009-05,,c
ESTAT:APRO_MT_PWGTM(1.0),29/04/22 23:00:00,M,B7200,SL,THS_T,IE,2009-06,,c
ESTAT:APRO_MT_PWGTM(1.0),29/04/22 23:00:00,M,B7200,SL,THS_T,IE,2009-07,,c
ESTAT:APRO_MT_PWGTM(1.0),29/04/22 23:00:00,M,B7200,SL,THS_T,IE,2009-08,,c
ESTAT:APRO_MT_PWGTM(1.0),29/04/22 23:00:00,M,B7200,SL,THS_T,IE,2009-09,,c
ESTAT:APRO_MT_PWGTM(1.0),29/04/22 23:00:00,M,B7200,SL,THS_T,IE,2009-10,,c
ESTAT:APRO_MT_PWGTM(1.0),29/04/22 23:00:00,M,B7200,SL,THS_T,IE,2009-11,,c
ESTAT:APRO_MT_PWGTM(1.0),29/04/22 23:00:00,M,B7200,SL,THS_T,IE,2009-12,,c
ESTAT:APRO_MT_PWGTM(1.0),29/04/22 23:00:00,M,B7200,SL,THS_T,IE,2010-01,,c
ESTAT:APRO_MT_PWGTM(1.0),29/04/22 23:00:00,M,B7200,SL,THS_T,IE,2010-02,,c
ESTAT:APRO_MT_PWGTM(1.0),29/04/22 23:00:00,M,B7200,SL,THS_T,IE,2010-03,,c
ESTAT:APRO_MT_PWGTM(1.0),29/04/22 23:00:00,M,B7200,SL,THS_T,IE,2010-04,,c
ESTAT:APRO_MT_PWGTM(1.0),29/04/22 23:00:00,M,B7200,SL,THS_T,IE,2010-05,,c
ESTAT:APRO_MT_PWGTM(1.0),29/04/22 23:00:00,M,B7200,SL,THS_T,IE,2010-06,,c
ESTAT:APRO_MT_PWGTM(1.0),29/04/22 23:00:00,M,B7200,SL,THS_T,IE,2010-07,,c
ESTAT:APRO_MT_PWGTM(1.0),29/04/22 23:00:00,M,B7200,SL,THS_T,IE,2010-08,,c
ESTAT:APRO_MT_PWGTM(1.0),29/04/22 23:00:00,M,B7200,SL,THS_T,IE,2010-09,,c
ESTAT:APRO_MT_PWGTM(1.0),29/04/22 23:00:00,M,B7200,SL,THS_T,IE,2010-10,,c
ESTAT:APRO_MT_PWGTM(1.0),29/04/22 23:00:00,M,B7200,SL,THS_T,IE,2010-11,,c
ESTAT:APRO_MT_PWGTM(1.0),29/04/22 23:00:00,M,B7200,SL,THS_T,IE,2010-12,,c
ESTAT:APRO_MT_PWGTM(1.0),29/04/22 23:00:00,M,B7200,SL,THS_T,IE,2011-01,,c
ESTAT:APRO_MT_PWGTM(1.0),29/04/22 23:00:00,M,B7200,SL,THS_T,IE,2011-02,,c
ESTAT:APRO_MT_PWGTM(1.0),29/04/22 23:00:00,M,B7200,SL,THS_T,IE,2011-03,,c
ESTAT:APRO_MT_PWGTM(1.0),29/04/22 23:00:00,M,B7200,SL,THS_T,IE,2011-04,,c
ESTAT:APRO_MT_PWGTM(1.0),29/04/22 23:00:00,M,B7200,SL,THS_T,IE,2011-05,,c
ESTAT:APRO_MT_PWGTM(1.0),29/04/22 23:00:00,M,B7200,SL,THS_T,IE,2011-06,,c
ESTAT:APRO_MT_PWGTM(1.0),29/04/22 23:00:00,M,B7200,SL,THS_T,IE,2011-07,,c
ESTAT:APRO_MT_PWGTM(1.0),29/04/22 23:00:00,M,B7200,SL,THS_T,IE,2011-08,,c
ESTAT:APRO_MT_PWGTM(1.0),29/04/22 23:00:00,M,B7200,SL,THS_T,IE,2011-09,,c
ESTAT:APRO_MT_PWGTM(1.0),29/04/22 23:00:00,M,B7200,SL,THS_T,IE,2011-10,,c
ESTAT:APRO_MT_PWGTM(1.0),29/04/22 23:00:00,M,B7200,SL,THS_T,IE,2011-11,,c
ESTAT:APRO_MT_PWGTM(1.0),29/04/22 23:00:00,M,B7200,SL,THS_T,IE,2011-12,,c
ESTAT:APRO_MT_PWGTM(1.0),29/04/22 23:00:00,M,B7200,SL,THS_T,IE,2012-01,,c
ESTAT:APRO_MT_PWGTM(1.0),29/04/22 23:00:00,M,B7200,SL,THS_T,IE,2012-02,,c
ESTAT:APRO_MT_PWGTM(1.0),29/04/22 23:00:00,M,B7200,SL,THS_T,IE,2012-03,,c
ESTAT:APRO_MT_PWGTM(1.0),29/04/22 23:00:00,M,B7200,SL,THS_T,IE,2012-04,,c
ESTAT:APRO_MT_PWGTM(1.0),29/04/22 23:00:00,M,B7200,SL,THS_T,IE,2012-05,,c
ESTAT:APRO_MT_PWGTM(1.0),29/04/22 23:00:00,M,B7200,SL,THS_T,IE,2012-06,,c
ESTAT:APRO_MT_PWGTM(1.0),29/04/22 23:00:00,M,B7200,SL,THS_T,IE,2012-07,,c
ESTAT:APRO_MT_PWGTM(1.0),29/04/22 23:00:00,M,B7200,SL,THS_T,IE,2012-08,,c
ESTAT:APRO_MT_PWGTM(1.0),29/04/22 23:00:00,M,B7200,SL,THS_T,IE,2012-09,,c
ESTAT:APRO_MT_PWGTM(1.0),29/04/22 23:00:00,M,B7200,SL,THS_T,IE,2012-10,,c
ESTAT:APRO_MT_PWGTM(1.0),29/04/22 23:00:00,M,B7200,SL,THS_T,IE,2012-11,,c
ESTAT:APRO_MT_PWGTM(1.0),29/04/22 23:00:00,M,B7200,SL,THS_T,IE,2012-12,,c
ESTAT:APRO_MT_PWGTM(1.0),29/04/22 23:00:00,M,B7200,SL,THS_T,IE,2013-01,,c
ESTAT:APRO_MT_PWGTM(1.0),29/04/22 23:00:00,M,B7200,SL,THS_T,IE,2013-02,,c
ESTAT:APRO_MT_PWGTM(1.0),29/04/22 23:00:00,M,B7200,SL,THS_T,IE,2013-03,,c
ESTAT:APRO_MT_PWGTM(1.0),29/04/22 23:00:00,M,B7200,SL,THS_T,IE,2013-04,,c
ESTAT:APRO_MT_PWGTM(1.0),29/04/22 23:00:00,M,B7200,SL,THS_T,IE,2013-05,,c
ESTAT:APRO_MT_PWGTM(1.0),29/04/22 23:00:00,M,B7200,SL,THS_T,IE,2013-06,,c
ESTAT:APRO_MT_PWGTM(1.0),29/04/22 23:00:00,M,B7200,SL,THS_T,IE,2013-07,,c
ESTAT:APRO_MT_PWGTM(1.0),29/04/22 23:00:00,M,B7200,SL,THS_T,IE,2013-08,,c
ESTAT:APRO_MT_PWGTM(1.0),29/04/22 23:00:00,M,B7200,SL,THS_T,IE,2013-09,,c
ESTAT:APRO_MT_PWGTM(1.0),29/04/22 23:00:00,M,B7200,SL,THS_T,IE,2013-10,,c
ESTAT:APRO_MT_PWGTM(1.0),29/04/22 23:00:00,M,B7200,SL,THS_T,IE,2013-11,,c
ESTAT:APRO_MT_PWGTM(1.0),29/04/22 23:00:00,M,B7200,SL,THS_T,IE,2013-12,,c
ESTAT:APRO_MT_PWGTM(1.0),29/04/22 23:00:00,M,B7200,SL,THS_T,IE,2014-01,,c
ESTAT:APRO_MT_PWGTM(1.0),29/04/22 23:00:00,M,B7200,SL,THS_T,IE,2014-02,,c
ESTAT:APRO_MT_PWGTM(1.0),29/04/22 23:00:00,M,B7200,SL,THS_T,IE,2014-03,,c
ESTAT:APRO_MT_PWGTM(1.0),29/04/22 23:00:00,M,B7200,SL,THS_T,IE,2014-04,,c
ESTAT:APRO_MT_PWGTM(1.0),29/04/22 23:00:00,M,B7200,SL,THS_T,IE,2014-05,,c
ESTAT:APRO_MT_PWGTM(1.0),29/04/22 23:00:00,M,B7200,SL,THS_T,IE,2014-06,,c
ESTAT:APRO_MT_PWGTM(1.0),29/04/22 23:00:00,M,B7200,SL,THS_T,IE,2014-07,,c
ESTAT:APRO_MT_PWGTM(1.0),29/04/22 23:00:00,M,B7200,SL,THS_T,IE,2014-08,,c
ESTAT:APRO_MT_PWGTM(1.0),29/04/22 23:00:00,M,B7200,SL,THS_T,IE,2014-09,,c
ESTAT:APRO_MT_PWGTM(1.0),29/04/22 23:00:00,M,B7200,SL,THS_T,IE,2014-10,,c
ESTAT:APRO_MT_PWGTM(1.0),29/04/22 23:00:00,M,B7200,SL,THS_T,IE,2014-11,,c
ESTAT:APRO_MT_PWGTM(1.0),29/04/22 23:00:00,M,B7200,SL,THS_T,IE,2014-12,,c
ESTAT:APRO_MT_PWGTM(1.0),29/04/22 23:00:00,M,B7200,SL,THS_T,IE,2015-01,,c
ESTAT:APRO_MT_PWGTM(1.0),29/04/22 23:00:00,M,B7200,SL,THS_T,IE,2015-02,,c
ESTAT:APRO_MT_PWGTM(1.0),29/04/22 23:00:00,M,B7200,SL,THS_T,IE,2015-03,,c
ESTAT:APRO_MT_PWGTM(1.0),29/04/22 23:00:00,M,B7200,SL,THS_T,IE,2015-04,,c
ESTAT:APRO_MT_PWGTM(1.0),29/04/22 23:00:00,M,B7200,SL,THS_T,IE,2015-05,,c
ESTAT:APRO_MT_PWGTM(1.0),29/04/22 23:00:00,M,B7200,SL,THS_T,IE,2015-06,,c
ESTAT:APRO_MT_PWGTM(1.0),29/04/22 23:00:00,M,B7200,SL,THS_T,IE,2015-07,,c
ESTAT:APRO_MT_PWGTM(1.0),29/04/22 23:00:00,M,B7200,SL,THS_T,IE,2015-08,,c
ESTAT:APRO_MT_PWGTM(1.0),29/04/22 23:00:00,M,B7200,SL,THS_T,IE,2015-09,,c
ESTAT:APRO_MT_PWGTM(1.0),29/04/22 23:00:00,M,B7200,SL,THS_T,IE,2015-10,,c
ESTAT:APRO_MT_PWGTM(1.0),29/04/22 23:00:00,M,B7200,SL,THS_T,IE,2015-11,,c
ESTAT:APRO_MT_PWGTM(1.0),29/04/22 23:00:00,M,B7200,SL,THS_T,IE,2015-12,,c
ESTAT:APRO_MT_PWGTM(1.0),29/04/22 23:00:00,M,B7200,SL,THS_T,IE,2016-01,,c
ESTAT:APRO_MT_PWGTM(1.0),29/04/22 23:00:00,M,B7200,SL,THS_T,IE,2016-02,,c
ESTAT:APRO_MT_PWGTM(1.0),29/04/22 23:00:00,M,B7200,SL,THS_T,IE,2016-03,,c
ESTAT:APRO_MT_PWGTM(1.0),29/04/22 23:00:00,M,B7200,SL,THS_T,IE,2016-04,,c
ESTAT:APRO_MT_PWGTM(1.0),29/04/22 23:00:00,M,B7200,SL,THS_T,IE,2016-05,,c
ESTAT:APRO_MT_PWGTM(1.0),29/04/22 23:00:00,M,B7200,SL,THS_T,IE,2016-06,,c
ESTAT:APRO_MT_PWGTM(1.0),29/04/22 23:00:00,M,B7200,SL,THS_T,IE,2016-07,,c
ESTAT:APRO_MT_PWGTM(1.0),29/04/22 23:00:00,M,B7200,SL,THS_T,IE,2016-08,,c
ESTAT:APRO_MT_PWGTM(1.0),29/04/22 23:00:00,M,B7200,SL,THS_T,IE,2016-09,,c
ESTAT:APRO_MT_PWGTM(1.0),29/04/22 23:00:00,M,B7200,SL,THS_T,IE,2016-10,,c
ESTAT:APRO_MT_PWGTM(1.0),29/04/22 23:00:00,M,B7200,SL,THS_T,IE,2016-11,,c
ESTAT:APRO_MT_PWGTM(1.0),29/04/22 23:00:00,M,B7200,SL,THS_T,IE,2016-12,,c
ESTAT:APRO_MT_PWGTM(1.0),29/04/22 23:00:00,M,B7200,SL,THS_T,IE,2017-01,,c
ESTAT:APRO_MT_PWGTM(1.0),29/04/22 23:00:00,M,B7200,SL,THS_T,IE,2017-02,,c
ESTAT:APRO_MT_PWGTM(1.0),29/04/22 23:00:00,M,B7200,SL,THS_T,IE,2017-03,,c
ESTAT:APRO_MT_PWGTM(1.0),29/04/22 23:00:00,M,B7200,SL,THS_T,IE,2017-04,,c
ESTAT:APRO_MT_PWGTM(1.0),29/04/22 23:00:00,M,B7200,SL,THS_T,IE,2017-05,,c
ESTAT:APRO_MT_PWGTM(1.0),29/04/22 23:00:00,M,B7200,SL,THS_T,IE,2017-06,,c
ESTAT:APRO_MT_PWGTM(1.0),29/04/22 23:00:00,M,B7200,SL,THS_T,IE,2017-07,,c
ESTAT:APRO_MT_PWGTM(1.0),29/04/22 23:00:00,M,B7200,SL,THS_T,IE,2017-08,,c
ESTAT:APRO_MT_PWGTM(1.0),29/04/22 23:00:00,M,B7200,SL,THS_T,IE,2017-09,,c
ESTAT:APRO_MT_PWGTM(1.0),29/04/22 23:00:00,M,B7200,SL,THS_T,IE,2017-10,,c
ESTAT:APRO_MT_PWGTM(1.0),29/04/22 23:00:00,M,B7200,SL,THS_T,IE,2017-11,,c
ESTAT:APRO_MT_PWGTM(1.0),29/04/22 23:00:00,M,B7200,SL,THS_T,IE,2017-12,,c
ESTAT:APRO_MT_PWGTM(1.0),29/04/22 23:00:00,M,B7200,SL,THS_T,IE,2018-01,,c
ESTAT:APRO_MT_PWGTM(1.0),29/04/22 23:00:00,M,B7200,SL,THS_T,IE,2018-02,,c
ESTAT:APRO_MT_PWGTM(1.0),29/04/22 23:00:00,M,B7200,SL,THS_T,IE,2018-03,,c
ESTAT:APRO_MT_PWGTM(1.0),29/04/22 23:00:00,M,B7200,SL,THS_T,IE,2018-04,,c
ESTAT:APRO_MT_PWGTM(1.0),29/04/22 23:00:00,M,B7200,SL,THS_T,IE,2018-05,,c
ESTAT:APRO_MT_PWGTM(1.0),29/04/22 23:00:00,M,B7200,SL,THS_T,IE,2018-06,,c
ESTAT:APRO_MT_PWGTM(1.0),29/04/22 23:00:00,M,B7200,SL,THS_T,IE,2018-07,,c
ESTAT:APRO_MT_PWGTM(1.0),29/04/22 23:00:00,M,B7200,SL,THS_T,IE,2018-08,,c
ESTAT:APRO_MT_PWGTM(1.0),29/04/22 23:00:00,M,B7200,SL,THS_T,IE,2018-09,,c
ESTAT:APRO_MT_PWGTM(1.0),29/04/22 23:00:00,M,B7200,SL,THS_T,IE,2018-10,,c
ESTAT:APRO_MT_PWGTM(1.0),29/04/22 23:00:00,M,B7200,SL,THS_T,IE,2018-11,,c
ESTAT:APRO_MT_PWGTM(1.0),29/04/22 23:00:00,M,B7200,SL,THS_T,IE,2018-12,,c
ESTAT:APRO_MT_PWGTM(1.0),29/04/22 23:00:00,M,B7200,SL,THS_T,IE,2019-01,,c
ESTAT:APRO_MT_PWGTM(1.0),29/04/22 23:00:00,M,B7200,SL,THS_T,IE,2019-02,,c
ESTAT:APRO_MT_PWGTM(1.0),29/04/22 23:00:00,M,B7200,SL,THS_T,IE,2019-03,,c
ESTAT:APRO_MT_PWGTM(1.0),29/04/22 23:00:00,M,B7200,SL,THS_T,IE,2019-04,,c
ESTAT:APRO_MT_PWGTM(1.0),29/04/22 23:00:00,M,B7200,SL,THS_T,IE,2019-05,,c
ESTAT:APRO_MT_PWGTM(1.0),29/04/22 23:00:00,M,B7200,SL,THS_T,IE,2019-06,,c
ESTAT:APRO_MT_PWGTM(1.0),29/04/22 23:00:00,M,B7200,SL,THS_T,IE,2019-07,,c
ESTAT:APRO_MT_PWGTM(1.0),29/04/22 23:00:00,M,B7200,SL,THS_T,IE,2019-08,,c
ESTAT:APRO_MT_PWGTM(1.0),29/04/22 23:00:00,M,B7200,SL,THS_T,IE,2019-09,,c
ESTAT:APRO_MT_PWGTM(1.0),29/04/22 23:00:00,M,B7200,SL,THS_T,IE,2019-10,,c
ESTAT:APRO_MT_PWGTM(1.0),29/04/22 23:00:00,M,B7200,SL,THS_T,IE,2019-11,,c
ESTAT:APRO_MT_PWGTM(1.0),29/04/22 23:00:00,M,B7200,SL,THS_T,IE,2019-12,,c
ESTAT:APRO_MT_PWGTM(1.0),29/04/22 23:00:00,M,B7200,SL,THS_T,IE,2020-01,,c
ESTAT:APRO_MT_PWGTM(1.0),29/04/22 23:00:00,M,B7200,SL,THS_T,IE,2020-02,,c
ESTAT:APRO_MT_PWGTM(1.0),29/04/22 23:00:00,M,B7200,SL,THS_T,IE,2020-03,,c
ESTAT:APRO_MT_PWGTM(1.0),29/04/22 23:00:00,M,B7200,SL,THS_T,IE,2020-04,,c
ESTAT:APRO_MT_PWGTM(1.0),29/04/22 23:00:00,M,B7200,SL,THS_T,IE,2020-05,,c
ESTAT:APRO_MT_PWGTM(1.0),29/04/22 23:00:00,M,B7200,SL,THS_T,IE,2020-06,,c
ESTAT:APRO_MT_PWGTM(1.0),29/04/22 23:00:00,M,B7200,SL,THS_T,IE,2020-07,,c
ESTAT:APRO_MT_PWGTM(1.0),29/04/22 23:00:00,M,B7200,SL,THS_T,IE,2020-08,,c
ESTAT:APRO_MT_PWGTM(1.0),29/04/22 23:00:00,M,B7200,SL,THS_T,IE,2020-09,,c
ESTAT:APRO_MT_PWGTM(1.0),29/04/22 23:00:00,M,B7200,SL,THS_T,IE,2020-10,,c
ESTAT:APRO_MT_PWGTM(1.0),29/04/22 23:00:00,M,B7200,SL,THS_T,IE,2020-11,,c
ESTAT:APRO_MT_PWGTM(1.0),29/04/22 23:00:00,M,B7200,SL,THS_T,IE,2020-12,,c
ESTAT:APRO_MT_PWGTM(1.0),29/04/22 23:00:00,M,B7200,SL,THS_T,IE,2021-01,,c
ESTAT:APRO_MT_PWGTM(1.0),29/04/22 23:00:00,M,B7200,SL,THS_T,IE,2021-02,,c
ESTAT:APRO_MT_PWGTM(1.0),29/04/22 23:00:00,M,B7200,SL,THS_T,IE,2021-03,,c
ESTAT:APRO_MT_PWGTM(1.0),29/04/22 23:00:00,M,B7200,SL,THS_T,IE,2021-04,,c
ESTAT:APRO_MT_PWGTM(1.0),29/04/22 23:00:00,M,B7200,SL,THS_T,IE,2021-05,,c
ESTAT:APRO_MT_PWGTM(1.0),29/04/22 23:00:00,M,B7200,SL,THS_T,IE,2021-06,,c
ESTAT:APRO_MT_PWGTM(1.0),29/04/22 23:00:00,M,B7200,SL,THS_T,IE,2021-07,,c
ESTAT:APRO_MT_PWGTM(1.0),29/04/22 23:00:00,M,B7200,SL,THS_T,IE,2021-08,,c
ESTAT:APRO_MT_PWGTM(1.0),29/04/22 23:00:00,M,B7200,SL,THS_T,IE,2021-09,,c
ESTAT:APRO_MT_PWGTM(1.0),29/04/22 23:00:00,M,B7200,SL,THS_T,IE,2021-10,,c
ESTAT:APRO_MT_PWGTM(1.0),29/04/22 23:00:00,M,B7200,SL,THS_T,IE,2021-11,,c
ESTAT:APRO_MT_PWGTM(1.0),29/04/22 23:00:00,M,B7200,SL,THS_T,IE,2021-12,,c
ESTAT:APRO_MT_PWGTM(1.0),29/04/22 23:00:00,M,B7200,SL,THS_T,IE,2022-01,,c
ESTAT:APRO_MT_PWGTM(1.0),29/04/22 23:00:00,M,B7200,SL,THS_T,IE,2022-02,,c
ESTAT:APRO_MT_PWGTM(1.0),29/04/22 23:00:00,M,B7200,SL,THS_T,IE,2022-03,,c
ESTAT:APRO_MT_PWGTM(1.0),29/04/22 23:00:00,M,B7200,SL,THS_T,IT,2002-08,0.03,
ESTAT:APRO_MT_PWGTM(1.0),29/04/22 23:00:00,M,B7200,SL,THS_T,IT,2003-01,0.33,
ESTAT:APRO_MT_PWGTM(1.0),29/04/22 23:00:00,M,B7200,SL,THS_T,IT,2003-02,0.32,
ESTAT:APRO_MT_PWGTM(1.0),29/04/22 23:00:00,M,B7200,SL,THS_T,IT,2003-03,0.32,
ESTAT:APRO_MT_PWGTM(1.0),29/04/22 23:00:00,M,B7200,SL,THS_T,IT,2003-04,0.37,
ESTAT:APRO_MT_PWGTM(1.0),29/04/22 23:00:00,M,B7200,SL,THS_T,IT,2003-05,0.31,
ESTAT:APRO_MT_PWGTM(1.0),29/04/22 23:00:00,M,B7200,SL,THS_T,IT,2003-06,0.30,
ESTAT:APRO_MT_PWGTM(1.0),29/04/22 23:00:00,M,B7200,SL,THS_T,IT,2003-07,0.30,
ESTAT:APRO_MT_PWGTM(1.0),29/04/22 23:00:00,M,B7200,SL,THS_T,IT,2003-08,0.31,
ESTAT:APRO_MT_PWGTM(1.0),29/04/22 23:00:00,M,B7200,SL,THS_T,IT,2003-09,0.36,
ESTAT:APRO_MT_PWGTM(1.0),29/04/22 23:00:00,M,B7200,SL,THS_T,IT,2003-10,0.40,
ESTAT:APRO_MT_PWGTM(1.0),29/04/22 23:00:00,M,B7200,SL,THS_T,IT,2003-11,0.33,
ESTAT:APRO_MT_PWGTM(1.0),29/04/22 23:00:00,M,B7200,SL,THS_T,IT,2003-12,0.62,
ESTAT:APRO_MT_PWGTM(1.0),29/04/22 23:00:00,M,B7200,SL,THS_T,IT,2004-01,0.30,
ESTAT:APRO_MT_PWGTM(1.0),29/04/22 23:00:00,M,B7200,SL,THS_T,IT,2004-02,0.27,
ESTAT:APRO_MT_PWGTM(1.0),29/04/22 23:00:00,M,B7200,SL,THS_T,IT,2004-03,0.30,
ESTAT:APRO_MT_PWGTM(1.0),29/04/22 23:00:00,M,B7200,SL,THS_T,IT,2004-04,0.40,
ESTAT:APRO_MT_PWGTM(1.0),29/04/22 23:00:00,M,B7200,SL,THS_T,IT,2004-05,0.30,
ESTAT:APRO_MT_PWGTM(1.0),29/04/22 23:00:00,M,B7200,SL,THS_T,IT,2004-06,0.32,
ESTAT:APRO_MT_PWGTM(1.0),29/04/22 23:00:00,M,B7200,SL,THS_T,IT,2004-07,0.30,
ESTAT:APRO_MT_PWGTM(1.0),29/04/22 23:00:00,M,B7200,SL,THS_T,IT,2004-08,0.30,
ESTAT:APRO_MT_PWGTM(1.0),29/04/22 23:00:00,M,B7200,SL,THS_T,IT,2004-09,0.40,
ESTAT:APRO_MT_PWGTM(1.0),29/04/22 23:00:00,M,B7200,SL,THS_T,IT,2004-10,0.40,
ESTAT:APRO_MT_PWGTM(1.0),29/04/22 23:00:00,M,B7200,SL,THS_T,IT,2004-11,0.40,
ESTAT:APRO_MT_PWGTM(1.0),29/04/22 23:00:00,M,B7200,SL,THS_T,IT,2004-12,0.70,
ESTAT:APRO_MT_PWGTM(1.0),29/04/22 23:00:00,M,B7200,SL,THS_T,IT,2005-01,0.26,
ESTAT:APRO_MT_PWGTM(1.0),29/04/22 23:00:00,M,B7200,SL,THS_T,IT,2005-02,0.29,
ESTAT:APRO_MT_PWGTM(1.0),29/04/22 23:00:00,M,B7200,SL,THS_T,IT,2005-03,0.39,
ESTAT:APRO_MT_PWGTM(1.0),29/04/22 23:00:00,M,B7200,SL,THS_T,IT,2005-04,0.32,
ESTAT:APRO_MT_PWGTM(1.0),29/04/22 23:00:00,M,B7200,SL,THS_T,IT,2005-05,0.37,
ESTAT:APRO_MT_PWGTM(1.0),29/04/22 23:00:00,M,B7200,SL,THS_T,IT,2005-06,0.34,
ESTAT:APRO_MT_PWGTM(1.0),29/04/22 23:00:00,M,B7200,SL,THS_T,IT,2005-07,0.30,
ESTAT:APRO_MT_PWGTM(1.0),29/04/22 23:00:00,M,B7200,SL,THS_T,IT,2005-08,0.32,
ESTAT:APRO_MT_PWGTM(1.0),29/04/22 23:00:00,M,B7200,SL,THS_T,IT,2005-09,0.39,
ESTAT:APRO_MT_PWGTM(1.0),29/04/22 23:00:00,M,B7200,SL,THS_T,IT,2005-10,0.33,
ESTAT:APRO_MT_PWGTM(1.0),29/04/22 23:00:00,M,B7200,SL,THS_T,IT,2005-11,0.40,
ESTAT:APRO_MT_PWGTM(1.0),29/04/22 23:00:00,M,B7200,SL,THS_T,IT,2005-12,0.77,
ESTAT:APRO_MT_PWGTM(1.0),29/04/22 23:00:00,M,B7200,SL,THS_T,IT,2006-01,0.33,
ESTAT:APRO_MT_PWGTM(1.0),29/04/22 23:00:00,M,B7200,SL,THS_T,IT,2006-02,0.25,
ESTAT:APRO_MT_PWGTM(1.0),29/04/22 23:00:00,M,B7200,SL,THS_T,IT,2006-03,0.29,
ESTAT:APRO_MT_PWGTM(1.0),29/04/22 23:00:00,M,B7200,SL,THS_T,IT,2006-04,0.31,
ESTAT:APRO_MT_PWGTM(1.0),29/04/22 23:00:00,M,B7200,SL,THS_T,IT,2006-05,0.30,
ESTAT:APRO_MT_PWGTM(1.0),29/04/22 23:00:00,M,B7200,SL,THS_T,IT,2006-06,0.22,
ESTAT:APRO_MT_PWGTM(1.0),29/04/22 23:00:00,M,B7200,SL,THS_T,IT,2006-07,0.22,
ESTAT:APRO_MT_PWGTM(1.0),29/04/22 23:00:00,M,B7200,SL,THS_T,IT,2006-08,0.27,
ESTAT:APRO_MT_PWGTM(1.0),29/04/22 23:00:00,M,B7200,SL,THS_T,IT,2006-09,0.31,
ESTAT:APRO_MT_PWGTM(1.0),29/04/22 23:00:00,M,B7200,SL,THS_T,IT,2006-10,0.33,
ESTAT:APRO_MT_PWGTM(1.0),29/04/22 23:00:00,M,B7200,SL,THS_T,IT,2006-11,0.31,
ESTAT:APRO_MT_PWGTM(1.0),29/04/22 23:00:00,M,B7200,SL,THS_T,IT,2006-12,0.71,
ESTAT:APRO_MT_PWGTM(1.0),29/04/22 23:00:00,M,B7200,SL,THS_T,IT,2007-01,0.29,
ESTAT:APRO_MT_PWGTM(1.0),29/04/22 23:00:00,M,B7200,SL,THS_T,IT,2007-02,0.26,
ESTAT:APRO_MT_PWGTM(1.0),29/04/22 23:00:00,M,B7200,SL,THS_T,IT,2007-03,0.37,
ESTAT:APRO_MT_PWGTM(1.0),29/04/22 23:00:00,M,B7200,SL,THS_T,IT,2007-04,0.31,
ESTAT:APRO_MT_PWGTM(1.0),29/04/22 23:00:00,M,B7200,SL,THS_T,IT,2007-05,0.29,
ESTAT:APRO_MT_PWGTM(1.0),29/04/22 23:00:00,M,B7200,SL,THS_T,IT,2007-06,0.12,
ESTAT:APRO_MT_PWGTM(1.0),29/04/22 23:00:00,M,B7200,SL,THS_T,IT,2007-07,0.27,
ESTAT:APRO_MT_PWGTM(1.0),29/04/22 23:00:00,M,B7200,SL,THS_T,IT,2007-08,0.30,
ESTAT:APRO_MT_PWGTM(1.0),29/04/22 23:00:00,M,B7200,SL,THS_T,IT,2007-09,0.31,
ESTAT:APRO_MT_PWGTM(1.0),29/04/22 23:00:00,M,B7200,SL,THS_T,IT,2007-10,0.40,
ESTAT:APRO_MT_PWGTM(1.0),29/04/22 23:00:00,M,B7200,SL,THS_T,IT,2007-11,0.36,
ESTAT:APRO_MT_PWGTM(1.0),29/04/22 23:00:00,M,B7200,SL,THS_T,IT,2007-12,0.74,
ESTAT:APRO_MT_PWGTM(1.0),29/04/22 23:00:00,M,B7200,SL,THS_T,IT,2008-01,0.29,
ESTAT:APRO_MT_PWGTM(1.0),29/04/22 23:00:00,M,B7200,SL,THS_T,IT,2008-02,0.25,
ESTAT:APRO_MT_PWGTM(1.0),29/04/22 23:00:00,M,B7200,SL,THS_T,IT,2008-03,0.35,
ESTAT:APRO_MT_PWGTM(1.0),29/04/22 23:00:00,M,B7200,SL,THS_T,IT,2008-04,0.29,
ESTAT:APRO_MT_PWGTM(1.0),29/04/22 23:00:00,M,B7200,SL,THS_T,IT,2008-05,0.31,
ESTAT:APRO_MT_PWGTM(1.0),29/04/22 23:00:00,M,B7200,SL,THS_T,IT,2008-06,0.28,
ESTAT:APRO_MT_PWGTM(1.0),29/04/22 23:00:00,M,B7200,SL,THS_T,IT,2008-07,0.28,
ESTAT:APRO_MT_PWGTM(1.0),29/04/22 23:00:00,M,B7200,SL,THS_T,IT,2008-08,0.28,
ESTAT:APRO_MT_PWGTM(1.0),29/04/22 23:00:00,M,B7200,SL,THS_T,IT,2008-09,0.35,
ESTAT:APRO_MT_PWGTM(1.0),29/04/22 23:00:00,M,B7200,SL,THS_T,IT,2008-10,0.36,
ESTAT:APRO_MT_PWGTM(1.0),29/04/22 23:00:00,M,B7200,SL,THS_T,IT,2008-11,0.28,
ESTAT:APRO_MT_PWGTM(1.0),29/04/22 23:00:00,M,B7200,SL,THS_T,IT,2008-12,0.76,
ESTAT:APRO_MT_PWGTM(1.0),29/04/22 23:00:00,M,B7200,SL,THS_T,IT,2009-01,0.32,
ESTAT:APRO_MT_PWGTM(1.0),29/04/22 23:00:00,M,B7200,SL,THS_T,IT,2009-02,0.26,
ESTAT:APRO_MT_PWGTM(1.0),29/04/22 23:00:00,M,B7200,SL,THS_T,IT,2009-03,0.33,
ESTAT:APRO_MT_PWGTM(1.0),29/04/22 23:00:00,M,B7200,SL,THS_T,IT,2009-04,0.34,
ESTAT:APRO_MT_PWGTM(1.0),29/04/22 23:00:00,M,B7200,SL,THS_T,IT,2009-05,0.28,
ESTAT:APRO_MT_PWGTM(1.0),29/04/22 23:00:00,M,B7200,SL,THS_T,IT,2009-06,0.31,
ESTAT:APRO_MT_PWGTM(1.0),29/04/22 23:00:00,M,B7200,SL,THS_T,IT,2009-07,0.28,
ESTAT:APRO_MT_PWGTM(1.0),29/04/22 23:00:00,M,B7200,SL,THS_T,IT,2009-08,0.29,
ESTAT:APRO_MT_PWGTM(1.0),29/04/22 23:00:00,M,B7200,SL,THS_T,IT,2009-09,0.35,
ESTAT:APRO_MT_PWGTM(1.0),29/04/22 23:00:00,M,B7200,SL,THS_T,IT,2009-10,0.31,
ESTAT:APRO_MT_PWGTM(1.0),29/04/22 23:00:00,M,B7200,SL,THS_T,IT,2009-11,0.34,
ESTAT:APRO_MT_PWGTM(1.0),29/04/22 23:00:00,M,B7200,SL,THS_T,IT,2009-12,0.76,
ESTAT:APRO_MT_PWGTM(1.0),29/04/22 23:00:00,M,B7200,SL,THS_T,IT,2010-01,0.22,
ESTAT:APRO_MT_PWGTM(1.0),29/04/22 23:00:00,M,B7200,SL,THS_T,IT,2010-02,0.24,
ESTAT:APRO_MT_PWGTM(1.0),29/04/22 23:00:00,M,B7200,SL,THS_T,IT,2010-03,0.39,
ESTAT:APRO_MT_PWGTM(1.0),29/04/22 23:00:00,M,B7200,SL,THS_T,IT,2010-04,0.32,
ESTAT:APRO_MT_PWGTM(1.0),29/04/22 23:00:00,M,B7200,SL,THS_T,IT,2010-05,0.33,
ESTAT:APRO_MT_PWGTM(1.0),29/04/22 23:00:00,M,B7200,SL,THS_T,IT,2010-06,0.31,
ESTAT:APRO_MT_PWGTM(1.0),29/04/22 23:00:00,M,B7200,SL,THS_T,IT,2010-07,0.28,
ESTAT:APRO_MT_PWGTM(1.0),29/04/22 23:00:00,M,B7200,SL,THS_T,IT,2010-08,0.28,
ESTAT:APRO_MT_PWGTM(1.0),29/04/22 23:00:00,M,B7200,SL,THS_T,IT,2010-09,0.33,
ESTAT:APRO_MT_PWGTM(1.0),29/04/22 23:00:00,M,B7200,SL,THS_T,IT,2010-10,0.31,
ESTAT:APRO_MT_PWGTM(1.0),29/04/22 23:00:00,M,B7200,SL,THS_T,IT,2010-11,0.33,
ESTAT:APRO_MT_PWGTM(1.0),29/04/22 23:00:00,M,B7200,SL,THS_T,IT,2010-12,0.80,
ESTAT:APRO_MT_PWGTM(1.0),29/04/22 23:00:00,M,B7200,SL,THS_T,IT,2011-01,0.23,
ESTAT:APRO_MT_PWGTM(1.0),29/04/22 23:00:00,M,B7200,SL,THS_T,IT,2011-02,0.23,
ESTAT:APRO_MT_PWGTM(1.0),29/04/22 23:00:00,M,B7200,SL,THS_T,IT,2011-03,0.27,
ESTAT:APRO_MT_PWGTM(1.0),29/04/22 23:00:00,M,B7200,SL,THS_T,IT,2011-04,0.31,
ESTAT:APRO_MT_PWGTM(1.0),29/04/22 23:00:00,M,B7200,SL,THS_T,IT,2011-05,0.27,
ESTAT:APRO_MT_PWGTM(1.0),29/04/22 23:00:00,M,B7200,SL,THS_T,IT,2011-06,0.26,
ESTAT:APRO_MT_PWGTM(1.0),29/04/22 23:00:00,M,B7200,SL,THS_T,IT,2011-07,0.26,
ESTAT:APRO_MT_PWGTM(1.0),29/04/22 23:00:00,M,B7200,SL,THS_T,IT,2011-08,0.29,
ESTAT:APRO_MT_PWGTM(1.0),29/04/22 23:00:00,M,B7200,SL,THS_T,IT,2011-09,0.31,
ESTAT:APRO_MT_PWGTM(1.0),29/04/22 23:00:00,M,B7200,SL,THS_T,IT,2011-10,0.34,
ESTAT:APRO_MT_PWGTM(1.0),29/04/22 23:00:00,M,B7200,SL,THS_T,IT,2011-11,0.36,
ESTAT:APRO_MT_PWGTM(1.0),29/04/22 23:00:00,M,B7200,SL,THS_T,IT,2011-12,0.72,
ESTAT:APRO_MT_PWGTM(1.0),29/04/22 23:00:00,M,B7200,SL,THS_T,IT,2012-01,0.28,
ESTAT:APRO_MT_PWGTM(1.0),29/04/22 23:00:00,M,B7200,SL,THS_T,IT,2012-02,0.26,
ESTAT:APRO_MT_PWGTM(1.0),29/04/22 23:00:00,M,B7200,SL,THS_T,IT,2012-03,0.29,
ESTAT:APRO_MT_PWGTM(1.0),29/04/22 23:00:00,M,B7200,SL,THS_T,IT,2012-04,0.31,
ESTAT:APRO_MT_PWGTM(1.0),29/04/22 23:00:00,M,B7200,SL,THS_T,IT,2012-05,0.26,
ESTAT:APRO_MT_PWGTM(1.0),29/04/22 23:00:00,M,B7200,SL,THS_T,IT,2012-06,0.22,
ESTAT:APRO_MT_PWGTM(1.0),29/04/22 23:00:00,M,B7200,SL,THS_T,IT,2012-07,0.24,
ESTAT:APRO_MT_PWGTM(1.0),29/04/22 23:00:00,M,B7200,SL,THS_T,IT,2012-08,0.25,
ESTAT:APRO_MT_PWGTM(1.0),29/04/22 23:00:00,M,B7200,SL,THS_T,IT,2012-09,0.26,
ESTAT:APRO_MT_PWGTM(1.0),29/04/22 23:00:00,M,B7200,SL,THS_T,IT,2012-10,0.36,
ESTAT:APRO_MT_PWGTM(1.0),29/04/22 23:00:00,M,B7200,SL,THS_T,IT,2012-11,0.30,
ESTAT:APRO_MT_PWGTM(1.0),29/04/22 23:00:00,M,B7200,SL,THS_T,IT,2012-12,0.68,
ESTAT:APRO_MT_PWGTM(1.0),29/04/22 23:00:00,M,B7200,SL,THS_T,IT,2013-01,0.24,
ESTAT:APRO_MT_PWGTM(1.0),29/04/22 23:00:00,M,B7200,SL,THS_T,IT,2013-02,0.17,
ESTAT:APRO_MT_PWGTM(1.0),29/04/22 23:00:00,M,B7200,SL,THS_T,IT,2013-03,0.29,
ESTAT:APRO_MT_PWGTM(1.0),29/04/22 23:00:00,M,B7200,SL,THS_T,IT,2013-04,0.27,
ESTAT:APRO_MT_PWGTM(1.0),29/04/22 23:00:00,M,B7200,SL,THS_T,IT,2013-05,0.27,
ESTAT:APRO_MT_PWGTM(1.0),29/04/22 23:00:00,M,B7200,SL,THS_T,IT,2013-06,0.21,
ESTAT:APRO_MT_PWGTM(1.0),29/04/22 23:00:00,M,B7200,SL,THS_T,IT,2013-07,0.25,
ESTAT:APRO_MT_PWGTM(1.0),29/04/22 23:00:00,M,B7200,SL,THS_T,IT,2013-08,0.22,
ESTAT:APRO_MT_PWGTM(1.0),29/04/22 23:00:00,M,B7200,SL,THS_T,IT,2013-09,0.29,
ESTAT:APRO_MT_PWGTM(1.0),29/04/22 23:00:00,M,B7200,SL,THS_T,IT,2013-10,0.30,
ESTAT:APRO_MT_PWGTM(1.0),29/04/22 23:00:00,M,B7200,SL,THS_T,IT,2013-11,0.28,
ESTAT:APRO_MT_PWGTM(1.0),29/04/22 23:00:00,M,B7200,SL,THS_T,IT,2013-12,0.67,
ESTAT:APRO_MT_PWGTM(1.0),29/04/22 23:00:00,M,B7200,SL,THS_T,IT,2014-01,0.18,
ESTAT:APRO_MT_PWGTM(1.0),29/04/22 23:00:00,M,B7200,SL,THS_T,IT,2014-02,0.18,
ESTAT:APRO_MT_PWGTM(1.0),29/04/22 23:00:00,M,B7200,SL,THS_T,IT,2014-03,0.26,
ESTAT:APRO_MT_PWGTM(1.0),29/04/22 23:00:00,M,B7200,SL,THS_T,IT,2014-04,0.30,
ESTAT:APRO_MT_PWGTM(1.0),29/04/22 23:00:00,M,B7200,SL,THS_T,IT,2014-05,0.23,
ESTAT:APRO_MT_PWGTM(1.0),29/04/22 23:00:00,M,B7200,SL,THS_T,IT,2014-06,0.20,
ESTAT:APRO_MT_PWGTM(1.0),29/04/22 23:00:00,M,B7200,SL,THS_T,IT,2014-07,0.24,
ESTAT:APRO_MT_PWGTM(1.0),29/04/22 23:00:00,M,B7200,SL,THS_T,IT,2014-08,0.24,
ESTAT:APRO_MT_PWGTM(1.0),29/04/22 23:00:00,M,B7200,SL,THS_T,IT,2014-09,0.28,
ESTAT:APRO_MT_PWGTM(1.0),29/04/22 23:00:00,M,B7200,SL,THS_T,IT,2014-10,0.35,
ESTAT:APRO_MT_PWGTM(1.0),29/04/22 23:00:00,M,B7200,SL,THS_T,IT,2014-11,0.29,
ESTAT:APRO_MT_PWGTM(1.0),29/04/22 23:00:00,M,B7200,SL,THS_T,IT,2014-12,0.73,
ESTAT:APRO_MT_PWGTM(1.0),29/04/22 23:00:00,M,B7200,SL,THS_T,IT,2015-01,0.26,
ESTAT:APRO_MT_PWGTM(1.0),29/04/22 23:00:00,M,B7200,SL,THS_T,IT,2015-02,0.20,
ESTAT:APRO_MT_PWGTM(1.0),29/04/22 23:00:00,M,B7200,SL,THS_T,IT,2015-03,0.28,
ESTAT:APRO_MT_PWGTM(1.0),29/04/22 23:00:00,M,B7200,SL,THS_T,IT,2015-04,0.24,
ESTAT:APRO_MT_PWGTM(1.0),29/04/22 23:00:00,M,B7200,SL,THS_T,IT,2015-05,0.22,
ESTAT:APRO_MT_PWGTM(1.0),29/04/22 23:00:00,M,B7200,SL,THS_T,IT,2015-06,0.19,
ESTAT:APRO_MT_PWGTM(1.0),29/04/22 23:00:00,M,B7200,SL,THS_T,IT,2015-07,0.22,
ESTAT:APRO_MT_PWGTM(1.0),29/04/22 23:00:00,M,B7200,SL,THS_T,IT,2015-08,0.24,
ESTAT:APRO_MT_PWGTM(1.0),29/04/22 23:00:00,M,B7200,SL,THS_T,IT,2015-09,0.28,
ESTAT:APRO_MT_PWGTM(1.0),29/04/22 23:00:00,M,B7200,SL,THS_T,IT,2015-10,0.27,
ESTAT:APRO_MT_PWGTM(1.0),29/04/22 23:00:00,M,B7200,SL,THS_T,IT,2015-11,0.31,
ESTAT:APRO_MT_PWGTM(1.0),29/04/22 23:00:00,M,B7200,SL,THS_T,IT,2015-12,0.74,
ESTAT:APRO_MT_PWGTM(1.0),29/04/22 23:00:00,M,B7200,SL,THS_T,IT,2016-01,0.23,
ESTAT:APRO_MT_PWGTM(1.0),29/04/22 23:00:00,M,B7200,SL,THS_T,IT,2016-02,0.22,
ESTAT:APRO_MT_PWGTM(1.0),29/04/22 23:00:00,M,B7200,SL,THS_T,IT,2016-03,0.30,
ESTAT:APRO_MT_PWGTM(1.0),29/04/22 23:00:00,M,B7200,SL,THS_T,IT,2016-04,0.21,
ESTAT:APRO_MT_PWGTM(1.0),29/04/22 23:00:00,M,B7200,SL,THS_T,IT,2016-05,0.28,
ESTAT:APRO_MT_PWGTM(1.0),29/04/22 23:00:00,M,B7200,SL,THS_T,IT,2016-06,0.25,
ESTAT:APRO_MT_PWGTM(1.0),29/04/22 23:00:00,M,B7200,SL,THS_T,IT,2016-07,0.24,
ESTAT:APRO_MT_PWGTM(1.0),29/04/22 23:00:00,M,B7200,SL,THS_T,IT,2016-08,0.27,
ESTAT:APRO_MT_PWGTM(1.0),29/04/22 23:00:00,M,B7200,SL,THS_T,IT,2016-09,0.31,
ESTAT:APRO_MT_PWGTM(1.0),29/04/22 23:00:00,M,B7200,SL,THS_T,IT,2016-10,0.34,
ESTAT:APRO_MT_PWGTM(1.0),29/04/22 23:00:00,M,B7200,SL,THS_T,IT,2016-11,0.35,
ESTAT:APRO_MT_PWGTM(1.0),29/04/22 23:00:00,M,B7200,SL,THS_T,IT,2016-12,0.77,
ESTAT:APRO_MT_PWGTM(1.0),29/04/22 23:00:00,M,B7200,SL,THS_T,IT,2017-01,0.25,
ESTAT:APRO_MT_PWGTM(1.0),29/04/22 23:00:00,M,B7200,SL,THS_T,IT,2017-02,0.22,
ESTAT:APRO_MT_PWGTM(1.0),29/04/22 23:00:00,M,B7200,SL,THS_T,IT,2017-03,0.27,
ESTAT:APRO_MT_PWGTM(1.0),29/04/22 23:00:00,M,B7200,SL,THS_T,IT,2017-04,0.30,
ESTAT:APRO_MT_PWGTM(1.0),29/04/22 23:00:00,M,B7200,SL,THS_T,IT,2017-05,0.26,
ESTAT:APRO_MT_PWGTM(1.0),29/04/22 23:00:00,M,B7200,SL,THS_T,IT,2017-06,0.18,
ESTAT:APRO_MT_PWGTM(1.0),29/04/22 23:00:00,M,B7200,SL,THS_T,IT,2017-07,0.21,
ESTAT:APRO_MT_PWGTM(1.0),29/04/22 23:00:00,M,B7200,SL,THS_T,IT,2017-08,0.24,
ESTAT:APRO_MT_PWGTM(1.0),29/04/22 23:00:00,M,B7200,SL,THS_T,IT,2017-09,0.33,
ESTAT:APRO_MT_PWGTM(1.0),29/04/22 23:00:00,M,B7200,SL,THS_T,IT,2017-10,0.26,
ESTAT:APRO_MT_PWGTM(1.0),29/04/22 23:00:00,M,B7200,SL,THS_T,IT,2017-11,0.22,
ESTAT:APRO_MT_PWGTM(1.0),29/04/22 23:00:00,M,B7200,SL,THS_T,IT,2017-12,0.54,
ESTAT:APRO_MT_PWGTM(1.0),29/04/22 23:00:00,M,B7200,SL,THS_T,IT,2018-01,0.20,
ESTAT:APRO_MT_PWGTM(1.0),29/04/22 23:00:00,M,B7200,SL,THS_T,IT,2018-02,0.22,
ESTAT:APRO_MT_PWGTM(1.0),29/04/22 23:00:00,M,B7200,SL,THS_T,IT,2018-03,0.34,
ESTAT:APRO_MT_PWGTM(1.0),29/04/22 23:00:00,M,B7200,SL,THS_T,IT,2018-04,0.28,
ESTAT:APRO_MT_PWGTM(1.0),29/04/22 23:00:00,M,B7200,SL,THS_T,IT,2018-05,0.28,
ESTAT:APRO_MT_PWGTM(1.0),29/04/22 23:00:00,M,B7200,SL,THS_T,IT,2018-06,0.21,
ESTAT:APRO_MT_PWGTM(1.0),29/04/22 23:00:00,M,B7200,SL,THS_T,IT,2018-07,0.21,
ESTAT:APRO_MT_PWGTM(1.0),29/04/22 23:00:00,M,B7200,SL,THS_T,IT,2018-08,0.24,
ESTAT:APRO_MT_PWGTM(1.0),29/04/22 23:00:00,M,B7200,SL,THS_T,IT,2018-09,0.28,
ESTAT:APRO_MT_PWGTM(1.0),29/04/22 23:00:00,M,B7200,SL,THS_T,IT,2018-10,0.31,
ESTAT:APRO_MT_PWGTM(1.0),29/04/22 23:00:00,M,B7200,SL,THS_T,IT,2018-11,0.31,
ESTAT:APRO_MT_PWGTM(1.0),29/04/22 23:00:00,M,B7200,SL,THS_T,IT,2018-12,0.74,
ESTAT:APRO_MT_PWGTM(1.0),29/04/22 23:00:00,M,B7200,SL,THS_T,IT,2019-01,0.17,
ESTAT:APRO_MT_PWGTM(1.0),29/04/22 23:00:00,M,B7200,SL,THS_T,IT,2019-02,0.12,
ESTAT:APRO_MT_PWGTM(1.0),29/04/22 23:00:00,M,B7200,SL,THS_T,IT,2019-03,0.13,
ESTAT:APRO_MT_PWGTM(1.0),29/04/22 23:00:00,M,B7200,SL,THS_T,IT,2019-04,0.15,
ESTAT:APRO_MT_PWGTM(1.0),29/04/22 23:00:00,M,B7200,SL,THS_T,IT,2019-05,0.12,
ESTAT:APRO_MT_PWGTM(1.0),29/04/22 23:00:00,M,B7200,SL,THS_T,IT,2019-06,0.10,
ESTAT:APRO_MT_PWGTM(1.0),29/04/22 23:00:00,M,B7200,SL,THS_T,IT,2019-07,0.11,
ESTAT:APRO_MT_PWGTM(1.0),29/04/22 23:00:00,M,B7200,SL,THS_T,IT,2019-08,0.12,
ESTAT:APRO_MT_PWGTM(1.0),29/04/22 23:00:00,M,B7200,SL,THS_T,IT,2019-09,0.15,
ESTAT:APRO_MT_PWGTM(1.0),29/04/22 23:00:00,M,B7200,SL,THS_T,IT,2019-10,0.15,
ESTAT:APRO_MT_PWGTM(1.0),29/04/22 23:00:00,M,B7200,SL,THS_T,IT,2019-11,0.16,
ESTAT:APRO_MT_PWGTM(1.0),29/04/22 23:00:00,M,B7200,SL,THS_T,IT,2019-12,0.40,
ESTAT:APRO_MT_PWGTM(1.0),29/04/22 23:00:00,M,B7200,SL,THS_T,IT,2020-01,0.14,
ESTAT:APRO_MT_PWGTM(1.0),29/04/22 23:00:00,M,B7200,SL,THS_T,IT,2020-02,0.13,
ESTAT:APRO_MT_PWGTM(1.0),29/04/22 23:00:00,M,B7200,SL,THS_T,IT,2020-03,0.12,
ESTAT:APRO_MT_PWGTM(1.0),29/04/22 23:00:00,M,B7200,SL,THS_T,IT,2020-04,0.14,
ESTAT:APRO_MT_PWGTM(1.0),29/04/22 23:00:00,M,B7200,SL,THS_T,IT,2020-05,0.13,
ESTAT:APRO_MT_PWGTM(1.0),29/04/22 23:00:00,M,B7200,SL,THS_T,IT,2020-06,0.10,
ESTAT:APRO_MT_PWGTM(1.0),29/04/22 23:00:00,M,B7200,SL,THS_T,IT,2020-07,0.10,
ESTAT:APRO_MT_PWGTM(1.0),29/04/22 23:00:00,M,B7200,SL,THS_T,IT,2020-08,0.06,
ESTAT:APRO_MT_PWGTM(1.0),29/04/22 23:00:00,M,B7200,SL,THS_T,IT,2020-09,0.11,
ESTAT:APRO_MT_PWGTM(1.0),29/04/22 23:00:00,M,B7200,SL,THS_T,IT,2020-10,0.14,
ESTAT:APRO_MT_PWGTM(1.0),29/04/22 23:00:00,M,B7200,SL,THS_T,IT,2020-11,0.16,
ESTAT:APRO_MT_PWGTM(1.0),29/04/22 23:00:00,M,B7200,SL,THS_T,IT,2020-12,0.37,
ESTAT:APRO_MT_PWGTM(1.0),29/04/22 23:00:00,M,B7200,SL,THS_T,IT,2021-01,0.20,
ESTAT:APRO_MT_PWGTM(1.0),29/04/22 23:00:00,M,B7200,SL,THS_T,IT,2021-02,0.20,
ESTAT:APRO_MT_PWGTM(1.0),29/04/22 23:00:00,M,B7200,SL,THS_T,IT,2021-03,0.26,
ESTAT:APRO_MT_PWGTM(1.0),29/04/22 23:00:00,M,B7200,SL,THS_T,IT,2021-04,0.20,
ESTAT:APRO_MT_PWGTM(1.0),29/04/22 23:00:00,M,B7200,SL,THS_T,IT,2021-05,0.21,
ESTAT:APRO_MT_PWGTM(1.0),29/04/22 23:00:00,M,B7200,SL,THS_T,IT,2021-06,0.19,
ESTAT:APRO_MT_PWGTM(1.0),29/04/22 23:00:00,M,B7200,SL,THS_T,IT,2021-07,0.19,
ESTAT:APRO_MT_PWGTM(1.0),29/04/22 23:00:00,M,B7200,SL,THS_T,IT,2021-08,0.19,
ESTAT:APRO_MT_PWGTM(1.0),29/04/22 23:00:00,M,B7200,SL,THS_T,IT,2021-09,0.21,
ESTAT:APRO_MT_PWGTM(1.0),29/04/22 23:00:00,M,B7200,SL,THS_T,IT,2021-10,0.27,
ESTAT:APRO_MT_PWGTM(1.0),29/04/22 23:00:00,M,B7200,SL,THS_T,IT,2021-11,0.31,
ESTAT:APRO_MT_PWGTM(1.0),29/04/22 23:00:00,M,B7200,SL,THS_T,IT,2021-12,0.41,
ESTAT:APRO_MT_PWGTM(1.0),29/04/22 23:00:00,M,B7200,SL,THS_T,IT,2022-01,0.15,
ESTAT:APRO_MT_PWGTM(1.0),29/04/22 23:00:00,M,B7200,SL,THS_T,IT,2022-02,0.16,
